gender,data,corr,pcorr,fcorr,fpcorr
M,"[[0.97191731 1.29850983 1.32064944 ... 1.19617043 1.1160649  1.00563216]
 [0.96770908 1.52599721 1.26500816 ... 1.15448997 0.99466731 1.06107128]
 [1.13317591 1.35563014 1.29027508 ... 1.03311644 0.95193343 1.05753745]
 ...
 [1.21978275 1.05238548 1.11832217 ... 0.97025565 0.99067466 0.98431738]
 [1.06023603 1.11411918 0.85338047 ... 1.16941903 0.99627577 1.03491968]
 [0.98140907 1.08208776 1.11971413 ... 0.88614857 1.0406758  1.05795512]]","[[ 1.         -0.01318905 -0.00412522 ... -0.05742889 -0.00617931
   0.04175774]
 [-0.01318905  1.          0.65812768 ...  0.03708548  0.40598868
   0.17282923]
 [-0.00412522  0.65812768  1.         ...  0.0530628   0.41520489
   0.20782679]
 ...
 [-0.05742889  0.03708548  0.0530628  ...  1.         -0.02765305
   0.02854787]
 [-0.00617931  0.40598868  0.41520489 ... -0.02765305  1.
   0.23904744]
 [ 0.04175774  0.17282923  0.20782679 ...  0.02854787  0.23904744
   1.        ]]","[[ 1.         -0.5725995   0.3864114  ...  0.12118574  0.15033528
  -0.51291076]
 [-0.5725995   1.          0.81209111 ...  0.50960034  0.44309311
  -0.55104403]
 [ 0.3864114   0.81209111  1.         ... -0.6625035  -0.36715484
   0.53549519]
 ...
 [ 0.12118574  0.50960034 -0.6625035  ...  1.         -0.28692553
   0.33244985]
 [ 0.15033528  0.44309311 -0.36715484 ... -0.28692553  1.
  -0.0646468 ]
 [-0.51291076 -0.55104403  0.53549519 ...  0.33244985 -0.0646468
   1.        ]]","[[ 0.         -0.01318981 -0.00412525 ... -0.05749215 -0.00617939
   0.04178204]
 [-0.01318981  0.          0.7895035  ...  0.0371025   0.43079883
   0.17458155]
 [-0.00412525  0.7895035   0.         ...  0.05311268  0.44188403
   0.21089896]
 ...
 [-0.05749215  0.0371025   0.05311268 ...  0.         -0.0276601
   0.02855563]
 [-0.00617939  0.43079883  0.44188403 ... -0.0276601   0.
   0.24376358]
 [ 0.04178204  0.17458155  0.21089896 ...  0.02855563  0.24376358
   0.        ]]","[[ 0.         -0.65138187  0.40757465 ...  0.12178426  0.15148345
  -0.56667169]
 [-0.65138187  0.          1.13313979 ...  0.56218977  0.47607301
  -0.61987937]
 [ 0.40757465  1.13313979  0.         ... -0.79726236 -0.38513066
   0.59781814]
 ...
 [ 0.12178426  0.56218977 -0.79726236 ...  0.         -0.29521274
   0.34558   ]
 [ 0.15148345  0.47607301 -0.38513066 ... -0.29521274  0.
  -0.06473708]
 [-0.56667169 -0.61987937  0.59781814 ...  0.34558    -0.06473708
   0.        ]]"
M,"[[0.99343857 1.19901831 1.25876161 ... 1.15873154 1.22659674 1.10473757]
 [1.02768114 1.13975686 1.24624068 ... 1.05283952 1.25188619 0.83786277]
 [1.03287145 1.23530551 1.4332826  ... 1.13140131 1.33758254 0.9739482 ]
 ...
 [1.21266174 1.03464865 1.04625918 ... 0.76852687 1.01208095 0.93721003]
 [0.77772571 1.02128073 1.04743583 ... 1.01583945 0.82576629 1.12367462]
 [0.96081582 1.02827369 0.95697141 ... 1.01307096 1.12220961 0.98179626]]","[[ 1.         -0.02666311 -0.03742371 ... -0.09192957  0.07540898
   0.0651589 ]
 [-0.02666311  1.          0.62283653 ...  0.30007452  0.2922014
   0.21214264]
 [-0.03742371  0.62283653  1.         ...  0.22377886  0.3102251
   0.15936936]
 ...
 [-0.09192957  0.30007452  0.22377886 ...  1.          0.20796497
   0.24939968]
 [ 0.07540898  0.2922014   0.3102251  ...  0.20796497  1.
   0.03615719]
 [ 0.0651589   0.21214264  0.15936936 ...  0.24939968  0.03615719
   1.        ]]","[[ 1.          0.62873471  0.56837778 ...  0.41720893  0.84086899
   0.4522597 ]
 [ 0.62873471  1.         -0.50403266 ... -0.20521096 -0.52127451
  -0.24337565]
 [ 0.56837778 -0.50403266  1.         ...  0.02744728 -0.63830878
  -0.65618755]
 ...
 [ 0.41720893 -0.20521096  0.02744728 ...  1.         -0.40194838
   0.26908797]
 [ 0.84086899 -0.52127451 -0.63830878 ... -0.40194838  1.
  -0.67930044]
 [ 0.4522597  -0.24337565 -0.65618755 ...  0.26908797 -0.67930044
   1.        ]]","[[ 0.         -0.02666943 -0.0374412  ... -0.09218986  0.0755524
   0.06525135]
 [-0.02666943  0.          0.72962607 ...  0.3096015   0.30097149
   0.2154139 ]
 [-0.0374412   0.72962607  0.         ...  0.22763066  0.32079447
   0.16073956]
 ...
 [-0.09218986  0.3096015   0.22763066 ...  0.          0.21104338
   0.25477258]
 [ 0.0755524   0.30097149  0.32079447 ...  0.21104338  0.
   0.03617296]
 [ 0.06525135  0.2154139   0.16073956 ...  0.25477258  0.03617296
   0.        ]]","[[ 0.          0.73932093  0.64512319 ...  0.44430796  1.22413259
   0.48753739]
 [ 0.73932093  0.         -0.55469756 ... -0.20816659 -0.5780882
  -0.24835918]
 [ 0.64512319 -0.55469756  0.         ...  0.02745418 -0.75531445
  -0.78608864]
 ...
 [ 0.44430796 -0.20816659  0.02745418 ...  0.         -0.42597059
   0.27588033]
 [ 1.22413259 -0.5780882  -0.75531445 ... -0.42597059  0.
  -0.82781392]
 [ 0.48753739 -0.24835918 -0.78608864 ...  0.27588033 -0.82781392
   0.        ]]"
M,"[[0.98743689 1.36549729 1.3254998  ... 1.12171358 1.02280215 1.13482235]
 [1.16559166 1.45687938 1.27362395 ... 1.08163192 1.27806688 1.10948761]
 [0.94198771 1.3135217  1.18065117 ... 1.08162029 1.05952148 1.00912408]
 ...
 [1.16812614 0.92466438 1.03861053 ... 0.8805645  1.10948709 1.03506284]
 [1.04851628 1.03249522 1.06690885 ... 0.98037175 1.10428308 1.10457455]
 [1.10714289 0.94883117 1.22065779 ... 1.07399142 1.03916993 0.9980776 ]]","[[ 1.         -0.15989883 -0.03086077 ...  0.10887746  0.1088056
   0.0540555 ]
 [-0.15989883  1.          0.53657778 ...  0.1194813   0.44091006
   0.20946546]
 [-0.03086077  0.53657778  1.         ...  0.12301135  0.49273078
   0.29930922]
 ...
 [ 0.10887746  0.1194813   0.12301135 ...  1.         -0.05371076
   0.0108626 ]
 [ 0.1088056   0.44091006  0.49273078 ... -0.05371076  1.
   0.19826736]
 [ 0.0540555   0.20946546  0.29930922 ...  0.0108626   0.19826736
   1.        ]]","[[ 1.          0.54125911  0.55737294 ...  0.62372487 -0.49955799
  -0.28744023]
 [ 0.54125911  1.         -0.72674311 ... -0.74957433  0.23796448
   0.16294117]
 [ 0.55737294 -0.72674311  1.         ... -0.59826169  0.5041555
   0.25438237]
 ...
 [ 0.62372487 -0.74957433 -0.59826169 ...  1.          0.29186673
   0.1075195 ]
 [-0.49955799  0.23796448  0.5041555  ...  0.29186673  1.
  -0.41568189]
 [-0.28744023  0.16294117  0.25438237 ...  0.1075195  -0.41568189
   1.        ]]","[[ 0.         -0.16128287 -0.03087057 ...  0.10931077  0.10923805
   0.05410825]
 [-0.16128287  0.          0.59933722 ...  0.12005479  0.47335991
   0.21261221]
 [-0.03087057  0.59933722  0.         ...  0.1236375   0.5396603
   0.30876068]
 ...
 [ 0.10931077  0.12005479  0.1236375  ...  0.         -0.0537625
   0.01086302]
 [ 0.10923805  0.47335991  0.5396603  ... -0.0537625   0.
   0.20092837]
 [ 0.05410825  0.21261221  0.30876068 ...  0.01086302  0.20092837
   0.        ]]","[[ 0.          0.60593471  0.62901405 ...  0.73107875 -0.54871697
  -0.29577371]
 [ 0.60593471  0.         -0.92178999 ... -0.97198282  0.2426153
   0.1644066 ]
 [ 0.62901405 -0.92178999  0.         ... -0.69043548  0.55486226
   0.26009285]
 ...
 [ 0.73107875 -0.97198282 -0.69043548 ...  0.          0.30060561
   0.10793672]
 [-0.54871697  0.2426153   0.55486226 ...  0.30060561  0.
  -0.44246052]
 [-0.29577371  0.1644066   0.26009285 ...  0.10793672 -0.44246052
   0.        ]]"
M,"[[0.96428584 1.05924605 1.11360055 ... 1.05344524 1.03679912 0.96199561]
 [0.84676039 1.25659793 1.27373714 ... 1.1237993  1.35871041 1.02422909]
 [0.98816809 1.61175256 1.41483802 ... 0.92944221 1.23482244 1.05144716]
 ...
 [0.89871797 0.7763711  0.92498465 ... 0.92622407 0.91200747 0.96573771]
 [1.00938423 0.9178292  0.77298471 ... 0.95163809 0.97672483 0.96163979]
 [0.97669369 0.85365719 0.95834808 ... 1.0455546  0.95942522 1.09900463]]","[[ 1.          0.10490877  0.13557014 ...  0.21249325  0.09885952
  -0.03155948]
 [ 0.10490877  1.          0.69682185 ...  0.14617854  0.56167519
   0.34392412]
 [ 0.13557014  0.69682185  1.         ...  0.22443653  0.52108976
   0.29586492]
 ...
 [ 0.21249325  0.14617854  0.22443653 ...  1.          0.15810268
   0.21584529]
 [ 0.09885952  0.56167519  0.52108976 ...  0.15810268  1.
   0.24100245]
 [-0.03155948  0.34392412  0.29586492 ...  0.21584529  0.24100245
   1.        ]]","[[ 1.          0.11835883 -0.7820138  ...  0.72107335  0.04029465
   0.22309951]
 [ 0.11835883  1.          0.376793   ... -0.23381459 -0.1307229
   0.11181079]
 [-0.7820138   0.376793    1.         ...  0.77537876  0.13696094
   0.30740302]
 ...
 [ 0.72107335 -0.23381459  0.77537876 ...  1.          0.00381644
  -0.3054271 ]
 [ 0.04029465 -0.1307229   0.13696094 ...  0.00381644  1.
   0.03789097]
 [ 0.22309951  0.11181079  0.30740302 ... -0.3054271   0.03789097
   1.        ]]","[[ 0.          0.1052962   0.13640999 ...  0.21578106  0.09918348
  -0.03156997]
 [ 0.1052962   0.          0.86109584 ...  0.14723328  0.63527707
   0.35853631]
 [ 0.13640999  0.86109584  0.         ...  0.22832311  0.57783456
   0.30498172]
 ...
 [ 0.21578106  0.14723328  0.22832311 ...  0.          0.15944014
   0.21929424]
 [ 0.09918348  0.63527707  0.57783456 ...  0.15944014  0.
   0.2458381 ]
 [-0.03156997  0.35853631  0.30498172 ...  0.21929424  0.2458381
   0.        ]]","[[ 0.          0.11891621 -1.0505338  ...  0.9098773   0.04031648
   0.22691562]
 [ 0.11891621  0.          0.39631671 ... -0.23822088 -0.13147525
   0.11228026]
 [-1.0505338   0.39631671  0.         ...  1.03367673  0.13782709
   0.31767488]
 ...
 [ 0.9098773  -0.23822088  1.03367673 ...  0.          0.00381646
  -0.31549421]
 [ 0.04031648 -0.13147525  0.13782709 ...  0.00381646  0.
   0.03790912]
 [ 0.22691562  0.11228026  0.31767488 ... -0.31549421  0.03790912
   0.        ]]"
M,"[[0.90285881 1.35349645 1.24347798 ... 1.02400526 1.09092308 0.87998089]
 [0.90223005 1.29496681 1.32849052 ... 0.96229949 1.27056262 1.02954877]
 [1.13031172 1.27692035 1.33514785 ... 0.95270618 1.16957006 1.03662698]
 ...
 [1.0280915  1.04992994 0.96278522 ... 1.13162273 0.92263723 1.18606399]
 [1.0216977  0.89721368 0.91712327 ... 1.01523501 0.94368952 1.02273775]
 [0.97555751 1.10350009 0.89031676 ... 0.99527246 1.14796297 1.22100846]]","[[ 1.          0.13471762  0.14663853 ...  0.13871486  0.21925917
  -0.05987092]
 [ 0.13471762  1.          0.67473868 ...  0.20376061  0.37226496
   0.22317841]
 [ 0.14663853  0.67473868  1.         ...  0.1496686   0.40631726
   0.13219123]
 ...
 [ 0.13871486  0.20376061  0.1496686  ...  1.          0.06414133
   0.06098205]
 [ 0.21925917  0.37226496  0.40631726 ...  0.06414133  1.
   0.06754549]
 [-0.05987092  0.22317841  0.13219123 ...  0.06098205  0.06754549
   1.        ]]","[[ 1.          0.68710521  0.22069275 ...  0.66432223  0.24872002
  -0.64284194]
 [ 0.68710521  1.         -0.68242287 ... -0.05487269 -0.7445107
   0.33258782]
 [ 0.22069275 -0.68242287  1.         ...  0.45934258 -0.86575382
  -0.29187708]
 ...
 [ 0.66432223 -0.05487269  0.45934258 ...  1.          0.35221037
   0.76061917]
 [ 0.24872002 -0.7445107  -0.86575382 ...  0.35221037  1.
  -0.07202318]
 [-0.64284194  0.33258782 -0.29187708 ...  0.76061917 -0.07202318
   1.        ]]","[[ 0.          0.1355416   0.14770335 ...  0.13961498  0.22287773
  -0.05994261]
 [ 0.1355416   0.          0.81939175 ...  0.20665295  0.39104987
   0.22699865]
 [ 0.14770335  0.81939175  0.         ...  0.15080143  0.43119231
   0.1329694 ]
 ...
 [ 0.13961498  0.20665295  0.15080143 ...  0.          0.06422951
   0.06105781]
 [ 0.22287773  0.39104987  0.43119231 ...  0.06422951  0.
   0.06764849]
 [-0.05994261  0.22699865  0.1329694  ...  0.06105781  0.06764849
   0.        ]]","[[ 0.          0.84245121  0.22438421 ...  0.80051079  0.25404797
  -0.76300224]
 [ 0.84245121  0.         -0.83363475 ... -0.05492786 -0.96052443
   0.34573512]
 [ 0.22438421 -0.83363475  0.         ...  0.49647774 -1.31587257
  -0.30061693]
 ...
 [ 0.80051079 -0.05492786  0.49647774 ...  0.          0.36796492
   0.99768257]
 [ 0.25404797 -0.96052443 -1.31587257 ...  0.36796492  0.
  -0.07214811]
 [-0.76300224  0.34573512 -0.30061693 ...  0.99768257 -0.07214811
   0.        ]]"
M,"[[1.06504609 1.2366432  1.17143607 ... 0.92088695 1.0957719  1.03388464]
 [1.07661147 1.08193765 1.15835343 ... 0.928688   1.00168821 1.00523938]
 [0.9607443  1.23770849 1.12656114 ... 1.14751618 0.99445238 0.89198172]
 ...
 [1.02881444 1.01692316 0.81829842 ... 1.20441537 0.94216378 1.14621252]
 [0.98584588 0.86238501 1.04164214 ... 0.99785712 1.04333071 1.09733305]
 [1.06098073 1.08024609 1.03502887 ... 1.16823213 0.94524105 0.85675322]]","[[ 1.          0.12790789  0.04983867 ... -0.09615802  0.04612108
   0.04867046]
 [ 0.12790789  1.          0.61224965 ...  0.03967256  0.37974949
   0.15130294]
 [ 0.04983867  0.61224965  1.         ...  0.04998008  0.38424773
   0.17207868]
 ...
 [-0.09615802  0.03967256  0.04998008 ...  1.          0.18180303
  -0.11487753]
 [ 0.04612108  0.37974949  0.38424773 ...  0.18180303  1.
   0.23951171]
 [ 0.04867046  0.15130294  0.17207868 ... -0.11487753  0.23951171
   1.        ]]","[[ 1.         -0.34851442  0.79601879 ... -0.83124627 -0.80690826
  -0.72664116]
 [-0.34851442  1.          0.34235368 ... -0.20556079 -0.26230295
  -0.21584282]
 [ 0.79601879  0.34235368  1.         ...  0.62947307  0.6081936
   0.47171899]
 ...
 [-0.83124627 -0.20556079  0.62947307 ...  1.         -0.9508168
  -0.94998643]
 [-0.80690826 -0.26230295  0.6081936  ... -0.9508168   1.
  -0.94791358]
 [-0.72664116 -0.21584282  0.47171899 ... -0.94998643 -0.94791358
   1.        ]]","[[ 0.          0.12861236  0.04988    ... -0.09645604  0.04615383
   0.04870895]
 [ 0.12861236  0.          0.71251204 ...  0.03969339  0.39976689
   0.15247363]
 [ 0.04988     0.71251204  0.         ...  0.05002176  0.40503369
   0.17380799]
 ...
 [-0.09645604  0.03969339  0.05002176 ...  0.          0.18384672
  -0.11538691]
 [ 0.04615383  0.39976689  0.40503369 ...  0.18384672  0.
   0.24425604]
 [ 0.04870895  0.15247363  0.17380799 ... -0.11538691  0.24425604
   0.        ]]","[[ 0.         -0.36375179  1.08764993 ... -1.1921558  -1.11810356
  -0.92157395]
 [-0.36375179  0.          0.35675628 ... -0.20853183 -0.26857991
  -0.21929166]
 [ 1.08764993  0.35675628  0.         ...  0.74054292  0.7060495
   0.512279  ]
 ...
 [-1.1921558  -0.20853183  0.74054292 ...  0.         -1.84022569
  -1.83164163]
 [-1.11810356 -0.26857991  0.7060495  ... -1.84022569  0.
  -1.81080492]
 [-0.92157395 -0.21929166  0.512279   ... -1.83164163 -1.81080492
   0.        ]]"
M,"[[0.9319814  1.32337615 1.34098337 ... 1.09110417 1.05935025 1.14413229]
 [1.12433499 1.44707662 1.1336419  ... 0.85561452 1.24255761 1.08332033]
 [0.93656654 1.10721068 1.31701336 ... 1.06390032 1.11220418 0.93585814]
 ...
 [0.95369091 1.09509411 0.92292541 ... 0.95290043 0.86079916 1.00032615]
 [0.99955273 1.12289161 0.98635484 ... 0.75846669 1.11190488 0.96138457]
 [1.00620452 0.99630487 1.03948243 ... 0.9521511  1.08337608 1.09511141]]","[[ 1.          0.14075997  0.03842168 ... -0.00870484 -0.04603367
  -0.00589944]
 [ 0.14075997  1.          0.49975858 ...  0.13103976  0.33894375
   0.13828188]
 [ 0.03842168  0.49975858  1.         ...  0.27597595  0.30119525
   0.07097843]
 ...
 [-0.00870484  0.13103976  0.27597595 ...  1.          0.0228944
  -0.07167736]
 [-0.04603367  0.33894375  0.30119525 ...  0.0228944   1.
   0.31146493]
 [-0.00589944  0.13828188  0.07097843 ... -0.07167736  0.31146493
   1.        ]]","[[ 1.         -0.59571458  0.35825632 ...  0.20429751  0.17470648
  -0.16497992]
 [-0.59571458  1.         -0.07453086 ...  0.25475408  0.61154743
  -0.42406808]
 [ 0.35825632 -0.07453086  1.         ... -0.0468898   0.54125096
  -0.74568248]
 ...
 [ 0.20429751  0.25475408 -0.0468898  ...  1.         -0.3891553
   0.09721713]
 [ 0.17470648  0.61154743  0.54125096 ... -0.3891553   1.
   0.8269049 ]
 [-0.16497992 -0.42406808 -0.74568248 ...  0.09721713  0.8269049
   1.        ]]","[[ 0.          0.14170083  0.03844061 ... -0.00870506 -0.04606623
  -0.00589951]
 [ 0.14170083  0.          0.54898431 ...  0.13179763  0.3528987
   0.13917354]
 [ 0.03844061  0.54898431  0.         ...  0.283321    0.31083359
   0.07109798]
 ...
 [-0.00870506  0.13179763  0.283321   ...  0.          0.0228984
  -0.07180049]
 [-0.04606623  0.3528987   0.31083359 ...  0.0228984   0.
   0.32216691]
 [-0.00589951  0.13917354  0.07109798 ... -0.07180049  0.32216691
   0.        ]]","[[ 0.         -0.68647791  0.37488404 ...  0.20721317  0.17651724
  -0.16650168]
 [-0.68647791  0.         -0.07466932 ...  0.26049031  0.71138952
  -0.45264172]
 [ 0.37488404 -0.07466932  0.         ... -0.04692421  0.60592318
  -0.96315866]
 ...
 [ 0.20721317  0.26049031 -0.04692421 ...  0.         -0.4108042
   0.09752515]
 [ 0.17651724  0.71138952  0.60592318 ... -0.4108042   0.
   1.17826869]
 [-0.16650168 -0.45264172 -0.96315866 ...  0.09752515  1.17826869
   0.        ]]"
M,"[[0.92908041 1.31962309 1.05285481 ... 1.00452295 1.23400793 0.86483764]
 [1.24477774 1.26024382 1.31954103 ... 1.16206693 0.90046491 0.91588193]
 [1.1415912  0.99497348 1.33441579 ... 0.8664812  1.15367987 1.03644184]
 ...
 [1.2030737  0.97790725 0.98073748 ... 0.98173573 0.90087522 1.19976283]
 [0.91397666 0.83459412 1.04457419 ... 1.13965449 1.09456602 1.06260493]
 [0.91647302 0.92531872 0.95923556 ... 1.00835722 0.99347276 1.15117049]]","[[ 1.          0.25535567  0.18719165 ...  0.09621956  0.10959016
   0.05249717]
 [ 0.25535567  1.          0.67361078 ...  0.00387813  0.4880026
   0.35817377]
 [ 0.18719165  0.67361078  1.         ... -0.08939533  0.39725467
   0.28961212]
 ...
 [ 0.09621956  0.00387813 -0.08939533 ...  1.         -0.08872417
  -0.04199022]
 [ 0.10959016  0.4880026   0.39725467 ... -0.08872417  1.
   0.15741943]
 [ 0.05249717  0.35817377  0.28961212 ... -0.04199022  0.15741943
   1.        ]]","[[ 1.          0.94888082 -0.69649797 ...  0.73631181 -0.16889959
  -0.68134712]
 [ 0.94888082  1.          0.58457416 ... -0.671492    0.14131135
   0.58314646]
 [-0.69649797  0.58457416  1.         ...  0.51814586 -0.10027623
  -0.79380867]
 ...
 [ 0.73631181 -0.671492    0.51814586 ...  1.         -0.01217316
   0.63824778]
 [-0.16889959  0.14131135 -0.10027623 ... -0.01217316  1.
  -0.02572324]
 [-0.68134712  0.58314646 -0.79380867 ...  0.63824778 -0.02572324
   1.        ]]","[[ 0.          0.26113376  0.18942525 ...  0.09651816  0.11003207
   0.05254547]
 [ 0.26113376  0.          0.81732406 ...  0.00387815  0.53343521
   0.37478933]
 [ 0.18942525  0.81732406  0.         ... -0.08963461  0.42038493
   0.29814282]
 ...
 [ 0.09651816  0.00387815 -0.08963461 ...  0.         -0.08895809
  -0.04201493]
 [ 0.11003207  0.53343521  0.42038493 ... -0.08895809  0.
   0.15873944]
 [ 0.05254547  0.37478933  0.29814282 ... -0.04201493  0.15873944
   0.        ]]","[[ 0.          1.82042541 -0.86046655 ...  0.9423756  -0.17053372
  -0.83162413]
 [ 1.82042541  0.          0.66938343 ... -0.81345536  0.1422634
   0.66721731]
 [-0.86046655  0.66938343  0.         ...  0.57380179 -0.10061438
  -1.08164592]
 ...
 [ 0.9423756  -0.81345536  0.57380179 ...  0.         -0.01217376
   0.75521151]
 [-0.17053372  0.1422634  -0.10061438 ... -0.01217376  0.
  -0.02572891]
 [-0.83162413  0.66721731 -1.08164592 ...  0.75521151 -0.02572891
   0.        ]]"
M,"[[1.16863572 1.42527139 1.28793634 ... 0.91612925 1.01386998 1.13242199]
 [1.1192227  1.43478201 1.42350033 ... 0.87207755 0.93297525 1.06154128]
 [0.97067614 1.24664215 1.25336563 ... 0.95482677 1.14486344 1.18755297]
 ...
 [1.09298382 1.12741062 0.99064528 ... 1.06621094 1.10113704 0.87448479]
 [0.84747083 1.15541307 1.06668935 ... 0.916896   1.05358353 0.93142512]
 [0.86839961 0.91414851 1.03837983 ... 0.98312023 1.03411256 0.64771265]]","[[ 1.          0.26702882  0.15247278 ...  0.00834042  0.0880956
   0.05784978]
 [ 0.26702882  1.          0.65572945 ...  0.07679983  0.30448006
   0.09094604]
 [ 0.15247278  0.65572945  1.         ... -0.06135793  0.17558651
  -0.02809378]
 ...
 [ 0.00834042  0.07679983 -0.06135793 ...  1.          0.04791291
  -0.17815521]
 [ 0.0880956   0.30448006  0.17558651 ...  0.04791291  1.
  -0.01481634]
 [ 0.05784978  0.09094604 -0.02809378 ... -0.17815521 -0.01481634
   1.        ]]","[[ 1.         -0.45594329 -0.89604019 ... -0.9596585  -0.14547512
  -0.93132826]
 [-0.45594329  1.         -0.20543694 ... -0.4812394   0.18812784
  -0.54240199]
 [-0.89604019 -0.20543694  1.         ... -0.8917901  -0.29488116
  -0.90029576]
 ...
 [-0.9596585  -0.4812394  -0.8917901  ...  1.         -0.17246143
  -0.92384569]
 [-0.14547512  0.18812784 -0.29488116 ... -0.17246143  1.
  -0.21106747]
 [-0.93132826 -0.54240199 -0.90029576 ... -0.92384569 -0.21106747
   1.        ]]","[[ 0.          0.27366177  0.1536711  ...  0.00834062  0.08832456
   0.05791444]
 [ 0.27366177  0.          0.78528455 ...  0.07695136  0.31445007
   0.09119804]
 [ 0.1536711   0.78528455  0.         ... -0.0614351   0.17742513
  -0.02810117]
 ...
 [ 0.00834062  0.07695136 -0.0614351  ...  0.          0.04794963
  -0.18007678]
 [ 0.08832456  0.31445007  0.17742513 ...  0.04794963  0.
  -0.01481742]
 [ 0.05791444  0.09119804 -0.02810117 ... -0.18007678 -0.01481742
   0.        ]]","[[ 0.         -0.49217789 -1.45175925 ... -1.94157244 -0.14651458
  -1.66831274]
 [-0.49217789  0.         -0.20840251 ... -0.52459597  0.19039561
  -0.60755256]
 [-1.45175925 -0.20840251  0.         ... -1.43060297 -0.30390392
  -1.47377831]
 ...
 [-1.94157244 -0.52459597 -1.43060297 ...  0.         -0.17420244
  -1.61465989]
 [-0.14651458  0.19039561 -0.30390392 ... -0.17420244  0.
  -0.21428832]
 [-1.66831274 -0.60755256 -1.47377831 ... -1.61465989 -0.21428832
   0.        ]]"
M,"[[1.00173966 1.28603584 1.23774978 ... 1.03450352 1.07721275 0.98840675]
 [1.02410745 1.36901747 1.31145091 ... 1.10976935 1.09524676 0.94086157]
 [0.92641207 1.42095777 1.36270663 ... 1.09196636 1.11244198 0.9997384 ]
 ...
 [1.11498427 0.9207511  0.93222824 ... 0.87198141 1.13246025 1.07532604]
 [1.01399195 1.12912515 1.02959035 ... 1.09925172 0.89643637 0.92703372]
 [0.81196793 0.70512313 1.21047798 ... 0.98637255 1.07809825 0.95252478]]","[[ 1.          0.04413915 -0.01283947 ...  0.02018019 -0.03494972
  -0.1939452 ]
 [ 0.04413915  1.          0.64440647 ...  0.2054438   0.4100027
   0.2461501 ]
 [-0.01283947  0.64440647  1.         ...  0.19843185  0.40286562
   0.04007039]
 ...
 [ 0.02018019  0.2054438   0.19843185 ...  1.          0.05555392
   0.07211333]
 [-0.03494972  0.4100027   0.40286562 ...  0.05555392  1.
   0.19984884]
 [-0.1939452   0.2461501   0.04007039 ...  0.07211333  0.19984884
   1.        ]]","[[ 1.          0.751621   -0.08210268 ...  0.45864189 -0.11655365
  -0.72379364]
 [ 0.751621    1.         -0.19939722 ... -0.31735039 -0.03836757
   0.60818005]
 [-0.08210268 -0.19939722  1.         ... -0.16516318  0.36832974
  -0.18669289]
 ...
 [ 0.45864189 -0.31735039 -0.16516318 ...  1.          0.50281782
   0.67465967]
 [-0.11655365 -0.03836757  0.36832974 ...  0.50281782  1.
   0.03894068]
 [-0.72379364  0.60818005 -0.18669289 ...  0.67465967  0.03894068
   1.        ]]","[[ 0.          0.04416785 -0.01284018 ...  0.02018293 -0.03496396
  -0.19643333]
 [ 0.04416785  0.          0.76567324 ...  0.20840968  0.43561447
   0.25131044]
 [-0.01284018  0.76567324  0.         ...  0.2010996   0.42706505
   0.04009186]
 ...
 [ 0.02018293  0.20840968  0.2010996  ...  0.          0.05561118
   0.07223873]
 [-0.03496396  0.43561447  0.42706505 ...  0.05561118  0.
   0.2025751 ]
 [-0.19643333  0.25131044  0.04009186 ...  0.07223873  0.2025751
   0.        ]]","[[ 0.          0.97667056 -0.08228791 ...  0.49559004 -0.11708578
  -0.91556723]
 [ 0.97667056  0.         -0.20210474 ... -0.328698   -0.03838642
   0.70602799]
 [-0.08228791 -0.20210474  0.         ... -0.16669007  0.3864893
  -0.18890843]
 ...
 [ 0.49559004 -0.328698   -0.16669007 ...  0.          0.55307033
   0.81924672]
 [-0.11708578 -0.03838642  0.3864893  ...  0.55307033  0.
   0.03896038]
 [-0.91556723  0.70602799 -0.18890843 ...  0.81924672  0.03896038
   0.        ]]"
M,"[[0.85184711 1.42582969 1.09206706 ... 1.07209552 1.12615291 0.96970177]
 [0.78453287 1.35246321 1.45279559 ... 1.03970788 1.23455727 1.12078757]
 [1.16481662 1.46190371 1.25895597 ... 1.057587   1.5261476  0.97816789]
 ...
 [0.91342132 0.99621054 0.96086581 ... 1.02723889 1.0124758  1.03004134]
 [0.91855467 0.9938873  1.06037962 ... 0.94688747 0.9284415  1.0058545 ]
 [0.96207454 0.88218406 1.18280523 ... 0.98632718 1.17350544 1.049863  ]]","[[ 1.         -0.06329114  0.01565235 ... -0.02579483 -0.00249301
   0.03421364]
 [-0.06329114  1.          0.62072893 ...  0.05457474  0.51917454
   0.08106001]
 [ 0.01565235  0.62072893  1.         ...  0.05869524  0.44461559
   0.19180135]
 ...
 [-0.02579483  0.05457474  0.05869524 ...  1.          0.19735757
  -0.00722257]
 [-0.00249301  0.51917454  0.44461559 ...  0.19735757  1.
   0.19702728]
 [ 0.03421364  0.08106001  0.19180135 ... -0.00722257  0.19702728
   1.        ]]","[[ 1.          0.24370598  0.75657119 ...  0.36404235 -0.65630276
  -0.32514286]
 [ 0.24370598  1.         -0.01434972 ...  0.07907258  0.41253269
   0.11982174]
 [ 0.75657119 -0.01434972  1.         ... -0.53556196  0.51326426
   0.45198523]
 ...
 [ 0.36404235  0.07907258 -0.53556196 ...  1.         -0.00248712
  -0.08710658]
 [-0.65630276  0.41253269  0.51326426 ... -0.00248712  1.
  -0.6712721 ]
 [-0.32514286  0.11982174  0.45198523 ... -0.08710658 -0.6712721
   1.        ]]","[[ 0.         -0.06337585  0.01565363 ... -0.02580055 -0.00249301
   0.03422699]
 [-0.06337585  0.          0.72619006 ...  0.05462902  0.57520904
   0.08123825]
 [ 0.01565363  0.72619006  0.         ...  0.05876278  0.47796902
   0.19420665]
 ...
 [-0.02580055  0.05462902  0.05876278 ...  0.          0.19998153
  -0.0072227 ]
 [-0.00249301  0.57520904  0.47796902 ...  0.19998153  0.
   0.19963787]
 [ 0.03422699  0.08123825  0.19420665 ... -0.0072227   0.19963787
   0.        ]]","[[ 0.          0.24871034  0.98814723 ...  0.38153795 -0.786291
  -0.33738727]
 [ 0.24871034  0.         -0.01435071 ...  0.079238    0.4386595
   0.12040017]
 [ 0.98814723 -0.01435071  0.         ... -0.59791177  0.5671515
   0.4871924 ]
 ...
 [ 0.38153795  0.079238   -0.59791177 ...  0.         -0.00248713
  -0.0873279 ]
 [-0.786291    0.4386595   0.5671515  ... -0.00248713  0.
  -0.813055  ]
 [-0.33738727  0.12040017  0.4871924  ... -0.0873279  -0.813055
   0.        ]]"
M,"[[1.12593383 1.54061871 1.15153316 ... 1.0203093  1.14542321 1.05623524]
 [1.00196411 1.3490618  1.58321193 ... 1.0543738  1.27724253 0.96875676]
 [1.13338012 1.53675706 1.55056101 ... 0.95882193 0.96793265 1.01456693]
 ...
 [0.97608477 1.02697435 1.20487914 ... 1.02821158 1.05167912 1.0018201 ]
 [0.99487374 0.93476163 0.90022231 ... 0.94224155 1.03014025 0.97805346]
 [1.02285419 1.00029353 1.00159363 ... 0.77892431 0.9744931  0.8221078 ]]","[[ 1.00000000e+00  1.43219862e-01  1.61565990e-01 ...  7.50208786e-03
   8.76080028e-02  1.19329021e-02]
 [ 1.43219862e-01  1.00000000e+00  6.96816958e-01 ... -1.36260863e-02
   3.45227671e-01  2.17769269e-01]
 [ 1.61565990e-01  6.96816958e-01  1.00000000e+00 ...  5.23885191e-04
   4.13773004e-01  1.29523339e-01]
 ...
 [ 7.50208786e-03 -1.36260863e-02  5.23885191e-04 ...  1.00000000e+00
   4.86201489e-02  3.16597594e-02]
 [ 8.76080028e-02  3.45227671e-01  4.13773004e-01 ...  4.86201489e-02
   1.00000000e+00  1.00050932e-01]
 [ 1.19329021e-02  2.17769269e-01  1.29523339e-01 ...  3.16597594e-02
   1.00050932e-01  1.00000000e+00]]","[[ 1.         -0.94788196 -0.88888844 ... -0.96448227 -0.90631311
   0.58546166]
 [-0.94788196  1.         -0.9102134  ... -0.99188165 -0.76992887
   0.72848818]
 [-0.88888844 -0.9102134   1.         ... -0.90522584 -0.71285604
   0.46834951]
 ...
 [-0.96448227 -0.99188165 -0.90522584 ...  1.         -0.78906163
   0.72659046]
 [-0.90631311 -0.76992887 -0.71285604 ... -0.78906163  1.
   0.36523182]
 [ 0.58546166  0.72848818  0.46834951 ...  0.72659046  0.36523182
   1.        ]]","[[ 0.00000000e+00  1.44211331e-01  1.62994243e-01 ...  7.50222861e-03
   8.78331759e-02  1.19334686e-02]
 [ 1.44211331e-01  0.00000000e+00  8.61086338e-01 ... -1.36269297e-02
   3.60015482e-01  2.21313124e-01]
 [ 1.62994243e-01  8.61086338e-01  0.00000000e+00 ...  5.23885239e-04
   4.40155109e-01  1.30255026e-01]
 ...
 [ 7.50222861e-03 -1.36269297e-02  5.23885239e-04 ...  0.00000000e+00
   4.86585147e-02  3.16703437e-02]
 [ 8.78331759e-02  3.60015482e-01  4.40155109e-01 ...  4.86585147e-02
   0.00000000e+00  1.00386795e-01]
 [ 1.19334686e-02  2.21313124e-01  1.30255026e-01 ...  3.16703437e-02
   1.00386795e-01  0.00000000e+00]]","[[ 0.         -1.81049333 -1.41660454 ... -2.00647601 -1.50648402
   0.67073273]
 [-1.81049333  0.         -1.52876724 ... -2.75135423 -1.02015305
   0.92549838]
 [-1.41660454 -1.52876724  0.         ... -1.50042953 -0.89296687
   0.50795398]
 ...
 [-2.00647601 -2.75135423 -1.50042953 ...  0.         -1.06894027
   0.92146655]
 [-1.50648402 -1.02015305 -0.89296687 ... -1.06894027  0.
   0.38290983]
 [ 0.67073273  0.92549838  0.50795398 ...  0.92146655  0.38290983
   0.        ]]"
M,"[[1.05697038 1.24280369 1.18905913 ... 1.00843614 1.25101978 1.04240724]
 [0.90075334 1.13881618 1.32919475 ... 1.19370914 1.01714085 1.16955459]
 [0.88683211 1.24772983 1.38736885 ... 0.99945106 1.10086143 1.12339071]
 ...
 [1.13594338 0.96411025 0.94395363 ... 0.89143495 1.01611037 0.97586699]
 [1.06327096 1.13472976 0.74121446 ... 0.93761328 1.09086571 1.17268647]
 [0.94708286 1.03430658 0.98306747 ... 1.17356969 1.03666094 0.97150197]]","[[ 1.          0.05214777 -0.05425027 ... -0.16473942  0.07827575
  -0.09144633]
 [ 0.05214777  1.          0.60288089 ...  0.09999427  0.45082186
   0.0648459 ]
 [-0.05425027  0.60288089  1.         ...  0.21633025  0.32811847
   0.1264136 ]
 ...
 [-0.16473942  0.09999427  0.21633025 ...  1.          0.05141115
   0.00629647]
 [ 0.07827575  0.45082186  0.32811847 ...  0.05141115  1.
  -0.09743436]
 [-0.09144633  0.0648459   0.1264136  ...  0.00629647 -0.09743436
   1.        ]]","[[ 1.          0.69468864 -0.3592801  ...  0.76798526 -0.72737677
  -0.74962206]
 [ 0.69468864  1.          0.54784879 ... -0.89298967  0.85330322
   0.86313499]
 [-0.3592801   0.54784879  1.         ...  0.65249988 -0.67994867
  -0.71042754]
 ...
 [ 0.76798526 -0.89298967  0.65249988 ...  1.          0.9587874
   0.97018017]
 [-0.72737677  0.85330322 -0.67994867 ...  0.9587874   1.
  -0.9885033 ]
 [-0.74962206  0.86313499 -0.71042754 ...  0.97018017 -0.9885033
   1.        ]]","[[ 0.          0.05219512 -0.05430358 ... -0.16625445  0.07843621
  -0.09170252]
 [ 0.05219512  0.          0.69766079 ...  0.10032956  0.4857313
   0.06493703]
 [-0.05430358  0.69766079  0.         ...  0.21980296  0.34071825
   0.12709351]
 ...
 [-0.16625445  0.10032956  0.21980296 ...  0.          0.05145652
   0.00629656]
 [ 0.07843621  0.4857313   0.34071825 ...  0.05145652  0.
  -0.09774446]
 [-0.09170252  0.06493703  0.12709351 ...  0.00629656 -0.09774446
   0.        ]]","[[ 0.          0.8569611  -0.37605905 ...  1.0153975  -0.92313425
  -0.97209178]
 [ 0.8569611   0.          0.61530235 ... -1.43649368  1.26817858
   1.30551034]
 [-0.37605905  0.61530235  0.         ...  0.77963974 -0.82901856
  -0.88804654]
 ...
 [ 1.0153975  -1.43649368  0.77963974 ...  0.          1.93066847
   2.09535335]
 [-0.92313425  1.26817858 -0.82901856 ...  1.93066847  0.
  -2.57653858]
 [-0.97209178  1.30551034 -0.88804654 ...  2.09535335 -2.57653858
   0.        ]]"
M,"[[1.17525115 1.30938543 1.16204888 ... 1.0589903  1.14953249 0.92277699]
 [1.09585767 1.44155633 1.44996641 ... 1.06404345 1.12637376 1.02607205]
 [1.1597778  1.29479774 1.19297477 ... 1.01847136 0.96357684 0.86900045]
 ...
 [1.08592377 0.99163026 1.02820254 ... 1.08343145 0.93953947 0.86677462]
 [1.0406832  1.06581661 1.08579831 ... 1.08762092 0.98092383 1.0157609 ]
 [0.91583934 1.13835717 0.98473094 ... 0.9269602  0.97652896 1.18439096]]","[[ 1.         -0.05382626  0.03573673 ...  0.17340359  0.00854536
  -0.10704019]
 [-0.05382626  1.          0.671651   ...  0.16090919  0.44825649
   0.15226691]
 [ 0.03573673  0.671651    1.         ...  0.07321725  0.34434384
   0.17743862]
 ...
 [ 0.17340359  0.16090919  0.07321725 ...  1.         -0.0178291
  -0.09333166]
 [ 0.00854536  0.44825649  0.34434384 ... -0.0178291   1.
   0.18487243]
 [-0.10704019  0.15226691  0.17743862 ... -0.09333166  0.18487243
   1.        ]]","[[ 1.         -0.66896142  0.0903089  ...  0.74907867  0.48790846
  -0.06471726]
 [-0.66896142  1.          0.22780689 ...  0.4181129   0.13740659
   0.16925582]
 [ 0.0903089   0.22780689  1.         ... -0.15425382  0.33959406
  -0.12282115]
 ...
 [ 0.74907867  0.4181129  -0.15425382 ...  1.         -0.56460647
   0.25183251]
 [ 0.48790846  0.13740659  0.33959406 ... -0.56460647  1.
   0.57453318]
 [-0.06471726  0.16925582 -0.12282115 ...  0.25183251  0.57453318
   1.        ]]","[[ 0.         -0.05387833  0.03575196 ...  0.17517365  0.00854556
  -0.10745184]
 [-0.05387833  0.          0.81374498 ...  0.16231991  0.4825162
   0.15346034]
 [ 0.03575196  0.81374498  0.         ...  0.07334851  0.35901241
   0.1793368 ]
 ...
 [ 0.17517365  0.16231991  0.07334851 ...  0.         -0.01783098
  -0.09360409]
 [ 0.00854556  0.4825162   0.35901241 ... -0.01783098  0.
   0.18702288]
 [-0.10745184  0.15346034  0.1793368  ... -0.09360409  0.18702288
   0.        ]]","[[ 0.         -0.80886094  0.09055562 ...  0.9708525   0.53331165
  -0.06480784]
 [-0.80886094  0.          0.23187509 ...  0.44540294  0.1382813
   0.17090043]
 [ 0.09055562  0.23187509  0.         ... -0.15549504  0.3536336
  -0.12344438]
 ...
 [ 0.9708525   0.44540294 -0.15549504 ...  0.         -0.63956967
   0.25736845]
 [ 0.53331165  0.1382813   0.3536336  ... -0.63956967  0.
   0.65426357]
 [-0.06480784  0.17090043 -0.12344438 ...  0.25736845  0.65426357
   0.        ]]"
M,"[[1.02510208 1.39561785 1.37593318 ... 0.87577988 1.04458463 1.10469481]
 [0.98311671 1.39166921 1.34572444 ... 0.98436128 1.20649904 1.01890561]
 [1.012892   1.62474389 1.3287191  ... 1.26476897 0.97739243 1.02028451]
 ...
 [1.05397651 0.97729426 1.14806765 ... 0.81204409 0.99413431 1.15731154]
 [0.87111977 1.15579422 1.19190537 ... 1.03894726 1.00350614 0.9411948 ]
 [1.10862545 0.97271474 0.93157663 ... 1.1012947  0.99899733 1.17847564]]","[[ 1.         -0.09714048 -0.01424477 ... -0.01070944 -0.09406584
   0.16718077]
 [-0.09714048  1.          0.63692515 ...  0.14840702  0.37518983
   0.1034338 ]
 [-0.01424477  0.63692515  1.         ...  0.07353877  0.4205804
   0.14987294]
 ...
 [-0.01070944  0.14840702  0.07353877 ...  1.          0.05326938
  -0.01024888]
 [-0.09406584  0.37518983  0.4205804  ...  0.05326938  1.
   0.08331035]
 [ 0.16718077  0.1034338   0.14987294 ... -0.01024888  0.08331035
   1.        ]]","[[ 1.00000000e+00  4.40123379e-01 -7.79857670e-04 ... -5.65661853e-01
  -4.82347816e-01  4.90710903e-01]
 [ 4.40123379e-01  1.00000000e+00  6.40092595e-01 ...  4.40162008e-01
   7.03253433e-01 -7.98979500e-01]
 [-7.79857670e-04  6.40092595e-01  1.00000000e+00 ... -2.52852118e-01
  -7.26629151e-01  8.16955135e-01]
 ...
 [-5.65661853e-01  4.40162008e-01 -2.52852118e-01 ...  1.00000000e+00
  -3.29072865e-01  4.80423300e-01]
 [-4.82347816e-01  7.03253433e-01 -7.26629151e-01 ... -3.29072865e-01
   1.00000000e+00  9.06189319e-01]
 [ 4.90710903e-01 -7.98979500e-01  8.16955135e-01 ...  4.80423300e-01
   9.06189319e-01  1.00000000e+00]]","[[ 0.         -0.09744777 -0.01424574 ... -0.01070985 -0.09434477
   0.16876496]
 [-0.09744777  0.          0.75298292 ...  0.14951119  0.39444959
   0.10380505]
 [-0.01424574  0.75298292  0.         ...  0.07367177  0.44839695
   0.15101046]
 ...
 [-0.01070985  0.14951119  0.07367177 ...  0.          0.05331985
  -0.01024924]
 [-0.09434477  0.39444959  0.44839695 ...  0.05331985  0.
   0.0835039 ]
 [ 0.16876496  0.10380505  0.15101046 ... -0.01024924  0.0835039
   0.        ]]","[[ 0.00000000e+00  4.72383814e-01 -7.79857828e-04 ... -6.41120276e-01
  -5.26039457e-01  5.36996288e-01]
 [ 4.72383814e-01  0.00000000e+00  7.58330594e-01 ...  4.72431725e-01
   8.73708511e-01 -1.09578397e+00]
 [-7.79857828e-04  7.58330594e-01  0.00000000e+00 ... -2.58457396e-01
  -9.21548513e-01  1.14759305e+00]
 ...
 [-6.41120276e-01  4.72431725e-01 -2.58457396e-01 ...  0.00000000e+00
  -3.41788172e-01  5.23534449e-01]
 [-5.26039457e-01  8.73708511e-01 -9.21548513e-01 ... -3.41788172e-01
   0.00000000e+00  1.50579134e+00]
 [ 5.36996288e-01 -1.09578397e+00  1.14759305e+00 ...  5.23534449e-01
   1.50579134e+00  0.00000000e+00]]"
M,"[[0.90452988 1.068837   1.38547612 ... 0.99659947 1.01510155 1.14283446]
 [0.96718188 1.30171587 1.16038247 ... 0.92071116 1.12907714 1.01621568]
 [1.08335611 1.30433107 1.1743037  ... 0.86386746 1.1590035  1.22988729]
 ...
 [0.91597574 1.03592356 1.02932407 ... 1.25064405 1.23741828 1.06765989]
 [0.83580646 0.96946122 1.01840206 ... 0.99302815 1.04666194 1.06695941]
 [1.02462515 1.02672374 1.00318116 ... 0.86675528 1.09749709 1.00436425]]","[[ 1.          0.04704313  0.04432445 ... -0.06523927  0.09352026
  -0.00397999]
 [ 0.04704313  1.          0.68780484 ...  0.07329681  0.17816193
  -0.03292377]
 [ 0.04432445  0.68780484  1.         ...  0.15050092  0.24772361
   0.05103656]
 ...
 [-0.06523927  0.07329681  0.15050092 ...  1.          0.00925847
  -0.01969885]
 [ 0.09352026  0.17816193  0.24772361 ...  0.00925847  1.
   0.01316048]
 [-0.00397999 -0.03292377  0.05103656 ... -0.01969885  0.01316048
   1.        ]]","[[ 1.          0.15525059 -0.46728511 ...  0.29159843  0.14733805
   0.79711159]
 [ 0.15525059  1.          0.35315322 ...  0.07743751  0.05154126
  -0.18983405]
 [-0.46728511  0.35315322  1.         ...  0.49300512  0.26151617
   0.34579324]
 ...
 [ 0.29159843  0.07743751  0.49300512 ...  1.          0.26937659
  -0.29726731]
 [ 0.14733805  0.05154126  0.26151617 ...  0.26937659  1.
  -0.02487611]
 [ 0.79711159 -0.18983405  0.34579324 ... -0.29726731 -0.02487611
   1.        ]]","[[ 0.          0.04707788  0.04435352 ... -0.06533206  0.09379434
  -0.00398001]
 [ 0.04707788  0.          0.84377777 ...  0.0734285   0.18008371
  -0.03293568]
 [ 0.04435352  0.84377777  0.         ...  0.15165293  0.25298613
   0.05108094]
 ...
 [-0.06533206  0.0734285   0.15165293 ...  0.          0.00925873
  -0.01970139]
 [ 0.09379434  0.18008371  0.25298613 ...  0.00925873  0.
   0.01316124]
 [-0.00398001 -0.03293568  0.05108094 ... -0.01970139  0.01316124
   0.        ]]","[[ 0.          0.15651627 -0.50659137 ...  0.30031235  0.14841832
   1.09063992]
 [ 0.15651627  0.          0.36904171 ...  0.07759286  0.05158697
  -0.19216501]
 [-0.50659137  0.36904171  0.         ...  0.54002267  0.26773519
   0.36065772]
 ...
 [ 0.30031235  0.07759286  0.54002267 ...  0.          0.27619152
  -0.30651934]
 [ 0.14841832  0.05158697  0.26773519 ...  0.27619152  0.
  -0.02488125]
 [ 1.09063992 -0.19216501  0.36065772 ... -0.30651934 -0.02488125
   0.        ]]"
M,"[[1.13593248 1.32048791 1.24367203 ... 1.11523188 1.22572332 0.89935967]
 [1.08099113 1.41256907 1.33435434 ... 0.97525424 1.09829812 1.36922956]
 [1.21153645 1.20101856 1.30410885 ... 0.90430113 1.29715376 0.96211347]
 ...
 [0.92847614 0.95661474 1.00646394 ... 1.14445442 1.10078124 0.90437414]
 [1.04411871 0.95877093 1.00366132 ... 1.04948574 1.06161488 1.04076039]
 [1.14398188 0.89602777 0.95232992 ... 1.09296308 0.97672628 0.96782708]]","[[ 1.          0.07566805  0.11949099 ... -0.06190774  0.03979241
   0.14744323]
 [ 0.07566805  1.          0.59708284 ...  0.25116844  0.38830427
   0.21522926]
 [ 0.11949099  0.59708284  1.         ...  0.29455621  0.38186118
   0.25632918]
 ...
 [-0.06190774  0.25116844  0.29455621 ...  1.          0.19787631
   0.02942376]
 [ 0.03979241  0.38830427  0.38186118 ...  0.19787631  1.
   0.0661016 ]
 [ 0.14744323  0.21522926  0.25632918 ...  0.02942376  0.0661016
   1.        ]]","[[ 1.         -0.51542402  0.01937741 ... -0.77620171 -0.69901167
   0.82018251]
 [-0.51542402  1.          0.29225263 ... -0.61610553 -0.62044793
   0.2492724 ]
