gender,data,corr,pcorr,fcorr,fpcorr
M,"[[0.86613269 1.2798024  1.27215059 ... 1.0429997  0.92742545 1.0092021 ]
 [0.84960844 1.23289091 1.29569137 ... 1.07896081 1.17352285 1.04148734]
 [1.00932439 1.15807892 1.14646531 ... 1.11488068 1.12043428 1.09154791]
 ...
 [1.09532966 0.87458489 1.03169177 ... 0.84935524 0.93870295 1.03083956]
 [1.02443981 1.05025003 1.06493345 ... 0.92978858 1.17803504 0.77190381]
 [0.82743147 1.06095517 1.05124835 ... 1.13447856 0.97187794 1.06590356]]","[[ 1.         -0.16269502 -0.19851233 ...  0.08702135  0.02191447
  -0.11502396]
 [-0.16269502  1.          0.61564046 ...  0.22927317  0.35543856
   0.1584927 ]
 [-0.19851233  0.61564046  1.         ...  0.17331556  0.25060908
   0.22880875]
 ...
 [ 0.08702135  0.22927317  0.17331556 ...  1.          0.13740509
   0.02755805]
 [ 0.02191447  0.35543856  0.25060908 ...  0.13740509  1.
  -0.03236453]
 [-0.11502396  0.1584927   0.22880875 ...  0.02755805 -0.03236453
   1.        ]]","[[ 1.          0.87745897  0.19985927 ... -0.3463975   0.12803569
  -0.78793672]
 [ 0.87745897  1.         -0.3472847  ...  0.18833809  0.03656232
   0.79365177]
 [ 0.19985927 -0.3472847   1.         ...  0.15594171 -0.22347047
   0.4285177 ]
 ...
 [-0.3463975   0.18833809  0.15594171 ...  1.          0.60817
  -0.18248795]
 [ 0.12803569  0.03656232 -0.22347047 ...  0.60817     1.
   0.26470586]
 [-0.78793672  0.79365177  0.4285177  ... -0.18248795  0.26470586
   1.        ]]","[[ 0.         -0.16415376 -0.20118337 ...  0.08724202  0.02191798
  -0.1155353 ]
 [-0.16415376  0.          0.71795415 ...  0.23342217  0.37165509
   0.15984018]
 [-0.20118337  0.71795415  0.         ...  0.17508289  0.25606261
   0.23293204]
 ...
 [ 0.08724202  0.23342217  0.17508289 ...  0.          0.13827977
   0.02756503]
 [ 0.02191798  0.37165509  0.25606261 ...  0.13827977  0.
  -0.03237584]
 [-0.1155353   0.15984018  0.23293204 ...  0.02756503 -0.03237584
   0.        ]]","[[ 0.          1.36461432  0.20258596 ... -0.36134421  0.12874229
  -1.06596643]
 [ 1.36461432  0.         -0.36235273 ...  0.19061358  0.03657862
   1.08122187]
 [ 0.20258596 -0.36235273  0.         ...  0.15722454 -0.22730604
   0.45807956]
 ...
 [-0.36134421  0.19061358  0.15722454 ...  0.          0.70601205
  -0.18455514]
 [ 0.12874229  0.03657862 -0.22730604 ...  0.70601205  0.
   0.27116212]
 [-1.06596643  1.08122187  0.45807956 ... -0.18455514  0.27116212
   0.        ]]"
M,"[[1.15525128 1.35419781 1.36448548 ... 0.90722466 1.09300804 0.87901574]
 [1.1358983  1.32865438 1.35959237 ... 1.1115282  1.25077603 1.06366646]
 [0.97502493 1.21114015 1.32146341 ... 1.03536257 1.21096052 1.03122621]
 ...
 [0.95048168 0.85474147 1.02580206 ... 1.04338833 1.01723571 0.88541   ]
 [0.99560357 0.74806841 0.88360131 ... 0.82608456 0.98580061 1.01518319]
 [1.00975529 0.94536071 0.94827972 ... 1.06825205 1.14800649 1.10180864]]","[[ 1.          0.04632566  0.10892106 ... -0.01814104  0.13070322
  -0.00201551]
 [ 0.04632566  1.          0.64872479 ...  0.18067454  0.42173249
   0.32956687]
 [ 0.10892106  0.64872479  1.         ...  0.24932742  0.38331839
   0.21221249]
 ...
 [-0.01814104  0.18067454  0.24932742 ...  1.          0.12345811
   0.04939624]
 [ 0.13070322  0.42173249  0.38331839 ...  0.12345811  1.
   0.15017148]
 [-0.00201551  0.32956687  0.21221249 ...  0.04939624  0.15017148
   1.        ]]","[[ 1.         -0.64964044 -0.6184723  ...  0.52961746  0.70604641
  -0.86832216]
 [-0.64964044  1.         -0.1183302  ...  0.79898159  0.42051845
  -0.40952268]
 [-0.6184723  -0.1183302   1.         ...  0.07619233  0.67460444
  -0.7298248 ]
 ...
 [ 0.52961746  0.79898159  0.07619233 ...  1.         -0.32275863
   0.23008705]
 [ 0.70604641  0.42051845  0.67460444 ... -0.32275863  1.
   0.70297002]
 [-0.86832216 -0.40952268 -0.7298248  ...  0.23008705  0.70297002
   1.        ]]","[[ 0.          0.04635884  0.10935489 ... -0.01814303  0.13145522
  -0.00201552]
 [ 0.04635884  0.          0.77309371 ...  0.1826799   0.44979745
   0.34234227]
 [ 0.10935489  0.77309371  0.         ...  0.25469552  0.40394383
   0.21548704]
 ...
 [-0.01814303  0.1826799   0.25469552 ...  0.          0.12409115
   0.04943648]
 [ 0.13145522  0.44979745  0.40394383 ...  0.12409115  0.
   0.15131587]
 [-0.00201552  0.34234227  0.21548704 ...  0.04943648  0.15131587
   0.        ]]","[[ 0.         -0.77467634 -0.72252726 ...  0.58961334  0.87925601
  -1.32621885]
 [-0.77467634  0.         -0.11888718 ...  1.09578976  0.44832168
  -0.43503759]
 [-0.72252726 -0.11888718  0.         ...  0.07634028  0.81914536
  -0.92835238]
 ...
 [ 0.58961334  1.09578976  0.07634028 ...  0.         -0.33472348
   0.23428138]
 [ 0.87925601  0.44832168  0.81914536 ... -0.33472348  0.
   0.873148  ]
 [-1.32621885 -0.43503759 -0.92835238 ...  0.23428138  0.873148
   0.        ]]"
M,"[[1.05256479 1.23778014 1.21465203 ... 0.98187557 1.12212781 0.97489323]
 [1.06980368 1.40093471 1.05835083 ... 1.00309247 1.02753027 1.10451804]
 [1.20384666 1.27551659 1.3135595  ... 1.17296282 1.06973873 0.96314693]
 ...
 [1.02197069 1.03092963 0.99007198 ... 1.11824002 1.15571517 1.00105604]
 [1.1778278  1.14857842 1.05400185 ... 0.97412097 0.83898806 0.9084328 ]
 [1.08451783 0.93413878 1.0365113  ... 1.0351894  1.06106402 0.87679797]]","[[ 1.         -0.04503664 -0.06925812 ... -0.03655682 -0.08265901
  -0.02401752]
 [-0.04503664  1.          0.6062785  ...  0.0295417   0.3098553
   0.19371156]
 [-0.06925812  0.6062785   1.         ...  0.00574885  0.28761928
   0.20721654]
 ...
 [-0.03655682  0.0295417   0.00574885 ...  1.          0.10488087
   0.16548715]
 [-0.08265901  0.3098553   0.28761928 ...  0.10488087  1.
   0.25175871]
 [-0.02401752  0.19371156  0.20721654 ...  0.16548715  0.25175871
   1.        ]]","[[ 1.         -0.26077059 -0.35300449 ... -0.70945463 -0.79697663
   0.8831792 ]
 [-0.26077059  1.         -0.87495816 ... -0.13224302  0.04138502
   0.01871657]
 [-0.35300449 -0.87495816  1.         ... -0.06196728 -0.06277171
   0.18771213]
 ...
 [-0.70945463 -0.13224302 -0.06196728 ...  1.         -0.85653011
   0.79513492]
 [-0.79697663  0.04138502 -0.06277171 ... -0.85653011  1.
   0.93540692]
 [ 0.8831792   0.01871657  0.18771213 ...  0.79513492  0.93540692
   1.        ]]","[[ 0.         -0.04506713 -0.06936918 ... -0.03657312 -0.08284804
  -0.02402214]
 [-0.04506713  0.          0.70301575 ...  0.0295503   0.32038534
   0.19619057]
 [-0.06936918  0.70301575  0.         ...  0.00574892  0.29596889
   0.21026125]
 ...
 [-0.03657312  0.0295503   0.00574892 ...  0.          0.10526799
   0.16702314]
 [-0.08284804  0.32038534  0.29596889 ...  0.10526799  0.
   0.25728965]
 [-0.02402214  0.19619057  0.21026125 ...  0.16702314  0.25728965
   0.        ]]","[[ 0.         -0.26693505 -0.36887179 ... -0.88608495 -1.09026989
   1.39003777]
 [-0.26693505  0.         -1.35384663 ... -0.13302211  0.04140867
   0.01871875]
 [-0.36887179 -1.35384663  0.         ... -0.06204678 -0.06285435
   0.18996468]
 ...
 [-0.88608495 -0.13302211 -0.06204678 ...  0.         -1.28016966
   1.08524192]
 [-1.09026989  0.04140867 -0.06285435 ... -1.28016966  0.
   1.69998284]
 [ 1.39003777  0.01871875  0.18996468 ...  1.08524192  1.69998284
   0.        ]]"
M,"[[1.16840585 1.25318646 1.34084389 ... 1.19396241 1.18670594 1.06937044]
 [0.91070691 1.33011803 1.32553375 ... 1.07805771 1.27298687 0.97578746]
 [1.03491593 1.53137694 1.2223101  ... 0.85848685 1.09751271 1.03996631]
 ...
 [1.01913568 0.95625392 1.04044532 ... 0.88162031 0.80496738 0.87412468]
 [1.06344785 0.97614686 1.03582164 ... 0.93509486 1.11235913 1.08546459]
 [1.07066384 0.89191672 0.93330863 ... 1.04496046 1.09124161 1.14188544]]","[[ 1.         -0.11589508 -0.00197618 ... -0.06973579  0.00109668
  -0.13115116]
 [-0.11589508  1.          0.60040642 ...  0.1615068   0.31059294
   0.06624431]
 [-0.00197618  0.60040642  1.         ...  0.09842288  0.43750277
   0.20669435]
 ...
 [-0.06973579  0.1615068   0.09842288 ...  1.          0.20466131
   0.06082591]
 [ 0.00109668  0.31059294  0.43750277 ...  0.20466131  1.
   0.10520556]
 [-0.13115116  0.06624431  0.20669435 ...  0.06082591  0.10520556
   1.        ]]","[[ 1.         -0.17302183  0.39196294 ...  0.61320961  0.87346949
   0.36024835]
 [-0.17302183  1.          0.08099427 ...  0.52793292  0.23364008
  -0.29667267]
 [ 0.39196294  0.08099427  1.         ... -0.19787395 -0.17047863
   0.23423487]
 ...
 [ 0.61320961  0.52793292 -0.19787395 ...  1.         -0.7342879
  -0.110115  ]
 [ 0.87346949  0.23364008 -0.17047863 ... -0.7342879   1.
  -0.48985634]
 [ 0.36024835 -0.29667267  0.23423487 ... -0.110115   -0.48985634
   1.        ]]","[[ 0.         -0.11641819 -0.00197618 ... -0.06984916  0.00109669
  -0.13191098]
 [-0.11641819  0.          0.69378245 ...  0.16293347  0.32120153
   0.06634147]
 [-0.00197618  0.69378245  0.         ...  0.09874255  0.46913824
   0.20971569]
 ...
 [-0.06984916  0.16293347  0.09874255 ...  0.          0.20759284
   0.06090109]
 [ 0.00109669  0.32120153  0.46913824 ...  0.20759284  0.
   0.10559631]
 [-0.13191098  0.06634147  0.20971569 ...  0.06090109  0.10559631
   0.        ]]","[[ 0.         -0.17478008  0.41411719 ...  0.71404904  1.34753194
   0.37717126]
 [-0.17478008  0.          0.08117208 ...  0.58727499  0.23803628
  -0.30586719]
 [ 0.41411719  0.08117208  0.         ... -0.20051889 -0.17215958
   0.23866551]
 ...
 [ 0.71404904  0.58727499 -0.20051889 ...  0.         -0.93796939
  -0.11056332]
 [ 1.34753194  0.23803628 -0.17215958 ... -0.93796939  0.
  -0.53587131]
 [ 0.37717126 -0.30586719  0.23866551 ... -0.11056332 -0.53587131
   0.        ]]"
M,"[[0.94466666 1.09478407 1.33184042 ... 0.81533012 1.13332848 0.98323646]
 [0.96428516 1.24496311 1.23008575 ... 0.87572666 1.03853237 0.98645787]
 [1.12484813 1.29837889 1.27385649 ... 0.97679416 1.23249043 0.9958199 ]
 ...
 [1.08522581 1.05198364 1.0145549  ... 1.15337215 1.03718521 1.03253829]
 [0.96852406 0.99971077 1.09677373 ... 0.8492305  0.84725959 1.01764541]
 [1.03692234 1.03353844 1.01998112 ... 1.24158038 1.10305491 0.82128053]]","[[ 1.          0.04650863  0.01591701 ...  0.04422535 -0.01770905
   0.05437882]
 [ 0.04650863  1.          0.65687593 ...  0.19920146  0.34718356
   0.01829177]
 [ 0.01591701  0.65687593  1.         ...  0.2116661   0.36553413
   0.01178221]
 ...
 [ 0.04422535  0.19920146  0.2116661  ...  1.          0.10800608
   0.09797778]
 [-0.01770905  0.34718356  0.36553413 ...  0.10800608  1.
   0.09842915]
 [ 0.05437882  0.01829177  0.01178221 ...  0.09797778  0.09842915
   1.        ]]","[[ 1.         -0.7712449   0.81969624 ... -0.27274491 -0.09758615
   0.63662113]
 [-0.7712449   1.          0.65693181 ... -0.32904933 -0.61704594
   0.79627479]
 [ 0.81969624  0.65693181  1.         ...  0.03546194  0.04146257
  -0.77912429]
 ...
 [-0.27274491 -0.32904933  0.03546194 ...  1.         -0.27064743
   0.25038   ]
 [-0.09758615 -0.61704594  0.04146257 ... -0.27064743  1.
   0.4683273 ]
 [ 0.63662113  0.79627479 -0.77912429 ...  0.25038     0.4683273
   1.        ]]","[[ 0.          0.04654221  0.01591836 ...  0.04425422 -0.0177109
   0.05443251]
 [ 0.04654221  0.          0.78729851 ...  0.20190088  0.36223773
   0.01829381]
 [ 0.01591836  0.78729851  0.         ...  0.21491495  0.38325872
   0.01178275]
 ...
 [ 0.04425422  0.20190088  0.21491495 ...  0.          0.10842902
   0.09829311]
 [-0.0177109   0.36223773  0.38325872 ...  0.10842902  0.
   0.09874888]
 [ 0.05443251  0.01829381  0.01178275 ...  0.09829311  0.09874888
   0.        ]]","[[ 0.         -1.02339295  1.15589096 ... -0.27982695 -0.09789771
   0.75247155]
 [-1.02339295  0.          0.78739681 ... -0.34176178 -0.72022063
   1.08834908]
 [ 1.15589096  0.78739681  0.         ...  0.03547682  0.04148635
  -1.04313819]
 ...
 [-0.27982695 -0.34176178  0.03547682 ...  0.         -0.27756229
   0.25581818]
 [-0.09789771 -0.72022063  0.04148635 ... -0.27756229  0.
   0.50792553]
 [ 0.75247155  1.08834908 -1.04313819 ...  0.25581818  0.50792553
   0.        ]]"
M,"[[1.0319723  1.34213256 1.48685189 ... 1.05354335 1.09502943 0.99731041]
 [1.21288153 1.2792678  1.21134498 ... 1.20224659 1.19300169 1.10846589]
 [0.89659439 1.25528405 1.2394804  ... 1.39179778 1.23753365 1.07860892]
 ...
 [1.00637888 1.00225884 1.115478   ... 0.92653966 0.93107691 1.14287215]
 [0.89646843 0.97807984 0.9854326  ... 1.03892768 0.99616491 0.80773767]
 [1.05966172 1.02705119 0.96315267 ... 1.2243509  0.9885395  1.02694197]]","[[ 1.          0.09157072  0.04797731 ... -0.14005785 -0.27770985
   0.05425957]
 [ 0.09157072  1.          0.58874285 ...  0.05705014  0.19958207
   0.07868261]
 [ 0.04797731  0.58874285  1.         ... -0.07596385  0.37049662
   0.15797583]
 ...
 [-0.14005785  0.05705014 -0.07596385 ...  1.          0.10654761
   0.03116928]
 [-0.27770985  0.19958207  0.37049662 ...  0.10654761  1.
   0.11217796]
 [ 0.05425957  0.07868261  0.15797583 ...  0.03116928  0.11217796
   1.        ]]","[[ 1.         -0.42534457  0.6891992  ...  0.08057367 -0.80697006
   0.43871494]
 [-0.42534457  1.          0.59030605 ... -0.47508259 -0.81089198
   0.85856354]
 [ 0.6891992   0.59030605  1.         ... -0.08382305  0.77851995
  -0.48776722]
 ...
 [ 0.08057367 -0.47508259 -0.08382305 ...  1.         -0.23095258
   0.51951503]
 [-0.80697006 -0.81089198  0.77851995 ... -0.23095258  1.
   0.79096231]
 [ 0.43871494  0.85856354 -0.48776722 ...  0.51951503  0.79096231
   1.        ]]","[[ 0.          0.09182796  0.04801417 ... -0.14098458 -0.28519882
   0.05431292]
 [ 0.09182796  0.          0.67573981 ...  0.05711216  0.20229725
   0.07884559]
 [ 0.04801417  0.67573981  0.         ... -0.07611048  0.38899861
   0.15931004]
 ...
 [-0.14098458  0.05711216 -0.07611048 ...  0.          0.10695356
   0.03117938]
 [-0.28519882  0.20229725  0.38899861 ...  0.10695356  0.
   0.11265209]
 [ 0.05431292  0.07884559  0.15931004 ...  0.03117938  0.11265209
   0.        ]]","[[ 0.         -0.45419913  0.84642883 ...  0.08074872 -1.1182807
   0.47063835]
 [-0.45419913  0.          0.67813568 ... -0.51661416 -1.12962822
   1.28785431]
 [ 0.84642883  0.67813568  0.         ... -0.08402021  1.04160214
  -0.53312629]
 ...
 [ 0.08074872 -0.51661416 -0.08402021 ...  0.         -0.23519549
   0.57567528]
 [-1.1182807  -1.12962822  1.04160214 ... -0.23519549  0.
   1.0739969 ]
 [ 0.47063835  1.28785431 -0.53312629 ...  0.57567528  1.0739969
   0.        ]]"
M,"[[0.94069654 1.29451746 1.24288172 ... 0.78549403 0.91336471 1.00367812]
 [1.04038608 1.08830367 1.28329483 ... 1.088653   0.95921404 0.89185311]
 [0.74038586 1.3020556  1.19580166 ... 1.14179365 1.24128784 0.86797219]
 ...
 [1.14666806 1.25319408 1.1981774  ... 0.93617901 1.01932165 0.9983474 ]
 [1.11820275 1.00426469 1.20236753 ... 0.83114846 1.03783416 0.87651995]
 [0.73380083 1.09675725 1.00939529 ... 1.12560529 0.96873058 1.09177203]]","[[ 1.00000000e+00 -2.98408558e-01 -3.67919808e-02 ... -2.52762464e-01
  -1.48975572e-01  9.29764802e-04]
 [-2.98408558e-01  1.00000000e+00  6.87616225e-01 ...  1.01942475e-01
   3.16147312e-01  3.10355264e-02]
 [-3.67919808e-02  6.87616225e-01  1.00000000e+00 ... -4.22144788e-02
   3.51682453e-01  4.28458838e-02]
 ...
 [-2.52762464e-01  1.01942475e-01 -4.22144788e-02 ...  1.00000000e+00
   8.49456273e-02  1.45661883e-01]
 [-1.48975572e-01  3.16147312e-01  3.51682453e-01 ...  8.49456273e-02
   1.00000000e+00  1.33619236e-02]
 [ 9.29764802e-04  3.10355264e-02  4.28458838e-02 ...  1.45661883e-01
   1.33619236e-02  1.00000000e+00]]","[[ 1.         -0.73655488  0.64245053 ...  0.45147836 -0.05489186
   0.11670865]
 [-0.73655488  1.          0.86577798 ...  0.73380523 -0.5708078
   0.45516378]
 [ 0.64245053  0.86577798  1.         ... -0.62218994  0.62568684
  -0.48730455]
 ...
 [ 0.45147836  0.73380523 -0.62218994 ...  1.          0.56362003
  -0.23668023]
 [-0.05489186 -0.5708078   0.62568684 ...  0.56362003  1.
   0.47697681]
 [ 0.11670865  0.45516378 -0.48730455 ... -0.23668023  0.47697681
   1.        ]]","[[ 0.         -0.30777168 -0.0368086  ... -0.25836162 -0.15009259
   0.00092977]
 [-0.30777168  0.          0.84341991 ...  0.10229783  0.32736076
   0.0310455 ]
 [-0.0368086   0.84341991  0.         ... -0.04223958  0.36736237
   0.04287213]
 ...
 [-0.25836162  0.10229783 -0.04223958 ...  0.          0.08515083
   0.14670539]
 [-0.15009259  0.32736076  0.36736237 ...  0.08515083  0.
   0.01336272]
 [ 0.00092977  0.0310455   0.04287213 ...  0.14670539  0.01336272
   0.        ]]","[[ 0.         -0.94290671  0.76233544 ...  0.48655557 -0.05494709
   0.11724292]
 [-0.94290671  0.          1.31596904 ...  0.93692279 -0.64872022
   0.49119425]
 [ 0.76233544  1.31596904  0.         ... -0.72857037  0.73429645
  -0.53251936]
 ...
 [ 0.48655557  0.93692279 -0.72857037 ...  0.          0.63812279
  -0.24125439]
 [-0.05494709 -0.64872022  0.73429645 ...  0.63812279  0.
   0.51906339]
 [ 0.11724292  0.49119425 -0.53251936 ... -0.24125439  0.51906339
   0.        ]]"
M,"[[0.83397135 1.49123153 1.40301232 ... 1.08633725 0.99926943 1.00992697]
 [0.9597071  1.61587864 1.08878829 ... 1.07655051 0.99162289 1.01678764]
 [0.98544698 1.34752588 1.40351827 ... 1.07238096 1.06891592 0.99027227]
 ...
 [1.03356207 0.95811351 0.90705163 ... 1.0642737  0.98548336 0.95003242]
 [1.17686459 1.038055   1.10804678 ... 1.0196853  0.99838417 1.03052168]
 [1.18849387 1.12662483 1.05647771 ... 1.08774967 1.08477588 0.95583499]]","[[ 1.         -0.12138263 -0.19793805 ... -0.03935341  0.06882882
  -0.13377822]
 [-0.12138263  1.          0.59599129 ...  0.21301384  0.15994586
   0.06853665]
 [-0.19793805  0.59599129  1.         ...  0.17478067  0.1565571
   0.11081454]
 ...
 [-0.03935341  0.21301384  0.17478067 ...  1.          0.01499772
  -0.03100953]
 [ 0.06882882  0.15994586  0.1565571  ...  0.01499772  1.
  -0.03790905]
 [-0.13377822  0.06853665  0.11081454 ... -0.03100953 -0.03790905
   1.        ]]","[[ 1.          0.64429638 -0.86881114 ... -0.86140841 -0.81396004
  -0.1551821 ]
 [ 0.64429638  1.          0.76975475 ...  0.70914247  0.61299391
   0.11873895]
 [-0.86881114  0.76975475  1.         ... -0.86947055 -0.82696308
  -0.05015605]
 ...
 [-0.86140841  0.70914247 -0.86947055 ...  1.         -0.83065032
  -0.30864729]
 [-0.81396004  0.61299391 -0.82696308 ... -0.83065032  1.
  -0.06165255]
 [-0.1551821   0.11873895 -0.05015605 ... -0.30864729 -0.06165255
   1.        ]]","[[ 0.         -0.1219841  -0.20058561 ... -0.03937374  0.06893782
  -0.13458496]
 [-0.1219841   0.          0.68690694 ...  0.21632633  0.16133113
   0.06864427]
 [-0.20058561  0.68690694  0.         ...  0.17659377  0.15785532
   0.1112715 ]
 ...
 [-0.03937374  0.21632633  0.17659377 ...  0.          0.01499884
  -0.03101947]
 [ 0.06893782  0.16133113  0.15785532 ...  0.01499884  0.
  -0.03792722]
 [-0.13458496  0.06864427  0.1112715  ... -0.03101947 -0.03792722
   0.        ]]","[[ 0.          0.765485   -1.32820988 ... -1.29877864 -1.13865305
  -0.15644609]
 [ 0.765485    0.          1.0197256  ...  0.88545675  0.71370344
   0.11930175]
 [-1.32820988  1.0197256   0.         ... -1.33090583 -1.17845269
  -0.05019818]
 ...
 [-1.29877864  0.88545675 -1.33090583 ...  0.         -1.19023042
  -0.31904958]
 [-1.13865305  0.71370344 -1.17845269 ... -1.19023042  0.
  -0.06173084]
 [-0.15644609  0.11930175 -0.05019818 ... -0.31904958 -0.06173084
   0.        ]]"
M,"[[1.23769404 1.37902913 1.64629281 ... 1.20525939 0.98658961 1.17932754]
 [0.9290197  1.35906051 1.15062919 ... 0.85944149 1.16677211 0.99391358]
 [1.1484041  1.47295519 1.31425851 ... 0.97203554 1.09727315 1.10379035]
 ...
 [0.94477324 0.89421103 1.07463507 ... 1.06229623 1.01228112 1.16763679]
 [0.96992697 0.8984732  0.92987078 ... 1.0341923  1.14664767 0.8145141 ]
 [1.05439071 0.8822348  0.97715695 ... 0.92502867 0.96602011 0.84493313]]","[[ 1.         -0.13415857 -0.00774736 ...  0.05466158 -0.00671142
  -0.01678161]
 [-0.13415857  1.          0.57345096 ...  0.05516257  0.27416706
   0.27167397]
 [-0.00774736  0.57345096  1.         ...  0.11584653  0.20270049
   0.26538691]
 ...
 [ 0.05466158  0.05516257  0.11584653 ...  1.          0.07204102
   0.02413949]
 [-0.00671142  0.27416706  0.20270049 ...  0.07204102  1.
   0.04027545]
 [-0.01678161  0.27167397  0.26538691 ...  0.02413949  0.04027545
   1.        ]]","[[ 1.          0.57209981  0.77508596 ...  0.77955535 -0.45263919
  -0.84624578]
 [ 0.57209981  1.         -0.35115582 ... -0.3586068   0.33462527
   0.49735279]
 [ 0.77508596 -0.35115582  1.         ... -0.66556868  0.34994116
   0.67341917]
 ...
 [ 0.77955535 -0.3586068  -0.66556868 ...  1.          0.37255525
   0.82167948]
 [-0.45263919  0.33462527  0.34994116 ...  0.37255525  1.
  -0.53466875]
 [-0.84624578  0.49735279  0.67341917 ...  0.82167948 -0.53466875
   1.        ]]","[[ 0.         -0.13497226 -0.00774751 ...  0.05471612 -0.00671152
  -0.01678318]
 [-0.13497226  0.          0.65264961 ...  0.05521863  0.28136404
   0.2786703 ]
 [-0.00774751  0.65264961  0.         ...  0.11636898  0.20554715
   0.27189463]
 ...
 [ 0.05471612  0.05521863  0.11636898 ...  0.          0.07216604
   0.02414418]
 [-0.00671152  0.28136404  0.20554715 ...  0.07216604  0.
   0.04029725]
 [-0.01678318  0.2786703   0.27189463 ...  0.02414418  0.04029725
   0.        ]]","[[ 0.          0.65063875  1.03294292 ...  1.04423607 -0.48801456
  -1.24277709]
 [ 0.65063875  0.         -0.36676153 ... -0.37528617  0.34802772
   0.54578273]
 [ 1.03294292 -0.36676153  0.         ... -0.80274519  0.3653767
   0.81697336]
 ...
 [ 1.04423607 -0.37528617 -0.80274519 ...  0.          0.39138691
   1.16196578]
 [-0.48801456  0.34802772  0.3653767  ...  0.39138691  0.
  -0.59666016]
 [-1.24277709  0.54578273  0.81697336 ...  1.16196578 -0.59666016
   0.        ]]"
M,"[[0.97860118 1.36736098 1.33198969 ... 0.97338251 1.09251651 0.94406422]
 [1.02383471 1.52196685 1.33081225 ... 1.20578448 1.22656846 0.9579056 ]
 [0.99622992 1.17606297 1.31479212 ... 0.98971518 1.22889097 1.02774739]
 ...
 [1.14096557 0.99390801 0.90126207 ... 1.06199928 1.01998471 0.97580592]
 [0.9272086  1.15250789 0.83076482 ... 0.94861754 1.31304177 0.92481078]
 [0.87371956 0.96474748 0.9067917  ... 1.12012691 1.0398495  1.06453952]]","[[ 1.         -0.07224341  0.01899072 ... -0.03955114 -0.03458529
   0.00790883]
 [-0.07224341  1.          0.57448867 ...  0.07827436  0.41194689
   0.29154209]
 [ 0.01899072  0.57448867  1.         ...  0.12648902  0.30992819
   0.31536722]
 ...
 [-0.03955114  0.07827436  0.12648902 ...  1.          0.13732924
   0.00443768]
 [-0.03458529  0.41194689  0.30992819 ...  0.13732924  1.
   0.13189208]
 [ 0.00790883  0.29154209  0.31536722 ...  0.00443768  0.13189208
   1.        ]]","[[ 1.          0.48797987 -0.25451465 ...  0.52508996  0.58595019
  -0.29337285]
 [ 0.48797987  1.         -0.08250096 ... -0.74112541 -0.52518488
   0.8234098 ]
 [-0.25451465 -0.08250096  1.         ...  0.42646095  0.64475336
  -0.01053493]
 ...
 [ 0.52508996 -0.74112541  0.42646095 ...  1.         -0.9063295
   0.75618128]
 [ 0.58595019 -0.52518488  0.64475336 ... -0.9063295   1.
   0.56019629]
 [-0.29337285  0.8234098  -0.01053493 ...  0.75618128  0.56019629
   1.        ]]","[[ 0.         -0.07236948  0.01899301 ... -0.03957178 -0.03459909
   0.00790899]
 [-0.07236948  0.          0.65419714 ...  0.07843481  0.43795376
   0.30025077]
 [ 0.01899301  0.65419714  0.         ...  0.12717015  0.32046597
   0.32649428]
 ...
 [-0.03957178  0.07843481  0.12717015 ...  0.          0.13820245
   0.00443771]
 [-0.03459909  0.43795376  0.32046597 ...  0.13820245  0.
   0.13266494]
 [ 0.00790899  0.30025077  0.32649428 ...  0.00443771  0.13266494
   0.        ]]","[[ 0.          0.53340538 -0.26023428 ...  0.58334164  0.67147636
  -0.30225277]
 [ 0.53340538  0.         -0.08268891 ... -0.95297161 -0.58347271
   1.16731588]
 [-0.26023428 -0.08268891  0.         ...  0.45556288  0.7662667
  -0.01053532]
 ...
 [ 0.58334164 -0.95297161  0.45556288 ...  0.         -1.50657582
   0.98723599]
 [ 0.67147636 -0.58347271  0.7662667  ... -1.50657582  0.
   0.6331192 ]
 [-0.30225277  1.16731588 -0.01053532 ...  0.98723599  0.6331192
   0.        ]]"
M,"[[0.88278803 1.26135009 1.36009519 ... 1.10644955 1.0547647  0.93568985]
 [1.05117348 1.11256646 1.30687708 ... 1.03531623 1.24851033 0.98492698]
 [1.10662774 1.21045375 1.34133271 ... 1.048787   0.83377778 1.04386141]
 ...
 [0.93653089 1.04576902 1.13117592 ... 0.98472609 1.08281716 0.83623846]
 [1.01078965 1.00256306 1.03768879 ... 1.13999097 0.91708128 0.88276932]
 [1.11714094 0.97580126 0.96467832 ... 0.96201136 0.87432177 1.03936921]]","[[ 1.          0.05482406 -0.0912551  ... -0.04886254 -0.09141865
   0.20253502]
 [ 0.05482406  1.          0.61348912 ...  0.24005409  0.4134727
   0.32985357]
 [-0.0912551   0.61348912  1.         ...  0.29937568  0.38686152
   0.24128853]
 ...
 [-0.04886254  0.24005409  0.29937568 ...  1.          0.15303335
   0.08997302]
 [-0.09141865  0.4134727   0.38686152 ...  0.15303335  1.
   0.12486071]
 [ 0.20253502  0.32985357  0.24128853 ...  0.08997302  0.12486071
   1.        ]]","[[ 1.         -0.51260536  0.6375213  ...  0.28086837 -0.73330629
   0.09204775]
 [-0.51260536  1.          0.69686896 ...  0.24862023 -0.62180168
  -0.27451874]
 [ 0.6375213   0.69686896  1.         ...  0.06469757  0.88637215
   0.50155328]
 ...
 [ 0.28086837  0.24862023  0.06469757 ...  1.          0.16563068
  -0.67544063]
 [-0.73330629 -0.62180168  0.88637215 ...  0.16563068  1.
  -0.23648417]
 [ 0.09204775 -0.27451874  0.50155328 ... -0.67544063 -0.23648417
   1.        ]]","[[ 0.          0.05487909 -0.09150969 ... -0.04890149 -0.09167461
   0.2053746 ]
 [ 0.05487909  0.          0.71449713 ...  0.24483151  0.43979283
   0.34266394]
 [-0.09150969  0.71449713  0.         ...  0.30883368  0.40810388
   0.24614185]
 ...
 [-0.04890149  0.24483151  0.30883368 ...  0.          0.15424506
   0.09021698]
 [-0.09167461  0.43979283  0.40810388 ...  0.15424506  0.
   0.12551572]
 [ 0.2053746   0.34266394  0.24614185 ...  0.09021698  0.12551572
   0.        ]]","[[ 0.         -0.56625735  0.75398664 ...  0.28862456 -0.93584258
   0.09230905]
 [-0.56625735  0.          0.86118744 ...  0.2539416  -0.72793713
  -0.28174434]
 [ 0.75398664  0.86118744  0.         ...  0.06478806  1.40474107
   0.55137933]
 ...
 [ 0.28862456  0.2539416   0.06478806 ...  0.          0.16717072
  -0.8206815 ]
 [-0.93584258 -0.72793713  1.40474107 ...  0.16717072  0.
  -0.24104672]
 [ 0.09230905 -0.28174434  0.55137933 ... -0.8206815  -0.24104672
   0.        ]]"
M,"[[0.96598327 1.36425711 1.28054897 ... 1.23610155 1.34334123 1.24080359]
 [0.94593395 1.29882125 1.22523462 ... 0.94813946 1.11189265 1.05291941]
 [0.93054576 1.00373082 1.45182118 ... 1.16736766 1.1181584  0.96307173]
 ...
 [0.88809005 0.93507253 1.00333254 ... 0.93261219 1.00600075 1.03255627]
 [0.83929952 1.135718   1.1159029  ... 0.92879291 0.92050293 0.9044837 ]
 [1.02763619 1.08236785 0.98662419 ... 0.99310504 0.96524719 1.15657099]]","[[ 1.         -0.04621617 -0.18570204 ... -0.24760152 -0.04944179
  -0.05958104]
 [-0.04621617  1.          0.64427914 ...  0.0468132   0.41753678
   0.2227872 ]
 [-0.18570204  0.64427914  1.         ...  0.07762869  0.40468311
   0.11352105]
 ...
 [-0.24760152  0.0468132   0.07762869 ...  1.          0.22014177
   0.17268394]
 [-0.04944179  0.41753678  0.40468311 ...  0.22014177  1.
   0.10232743]
 [-0.05958104  0.2227872   0.11352105 ...  0.17268394  0.10232743
   1.        ]]","[[ 1.         -0.24989052  0.38401219 ... -0.65520587  0.04154925
   0.21951281]
 [-0.24989052  1.         -0.12596105 ... -0.31206947 -0.25042631
  -0.50593745]
 [ 0.38401219 -0.12596105  1.         ...  0.62329271  0.23008602
  -0.38981514]
 ...
 [-0.65520587 -0.31206947  0.62329271 ...  1.         -0.2669735
   0.25350708]
 [ 0.04154925 -0.25042631  0.23008602 ... -0.2669735   1.
  -0.37924134]
 [ 0.21951281 -0.50593745 -0.38981514 ...  0.25350708 -0.37924134
   1.        ]]","[[ 0.         -0.04624912 -0.18788199 ... -0.25285607 -0.04948213
  -0.05965169]
 [-0.04624912  0.          0.76545552 ...  0.04684744  0.44470497
   0.22658697]
 [-0.18788199  0.76545552  0.         ...  0.07778519  0.42923658
   0.11401251]
 ...
 [-0.25285607  0.04684744  0.07778519 ...  0.          0.2238051
   0.17443179]
 [-0.04948213  0.44470497  0.42923658 ...  0.2238051   0.
   0.10268685]
 [-0.05965169  0.22658697  0.11401251 ...  0.17443179  0.10268685
   0.        ]]","[[ 0.         -0.25529603  0.40475739 ... -0.78436659  0.04157319
   0.2231442 ]
 [-0.25529603  0.         -0.12663364 ... -0.32283652 -0.25586759
  -0.55725438]
 [ 0.40475739 -0.12663364  0.         ...  0.73037171  0.23428029
  -0.41158203]
 ...
 [-0.78436659 -0.32283652  0.73037171 ...  0.         -0.2736022
   0.25915722]
 [ 0.04157319 -0.25586759  0.23428029 ... -0.2736022   0.
  -0.39917325]
 [ 0.2231442  -0.55725438 -0.41158203 ...  0.25915722 -0.39917325
   0.        ]]"
M,"[[1.02626035 1.20898324 1.24232042 ... 1.18739431 1.02932631 1.13725629]
 [1.00396666 1.43584171 0.98357604 ... 0.93079946 1.35752293 0.97459759]
 [0.96324012 1.4879451  1.21763487 ... 1.00708169 1.12477792 0.92794124]
 ...
 [0.95310875 0.96572045 1.04966674 ... 1.10682036 1.1247433  0.93355346]
 [1.18426907 1.00570135 1.18707688 ... 1.03520091 0.98241448 0.98408785]
 [0.97426884 1.09083121 1.14853348 ... 1.0398128  1.06920132 1.11751012]]","[[ 1.          0.10199911  0.07045391 ...  0.00710918  0.03173616
   0.0721593 ]
 [ 0.10199911  1.          0.62435345 ...  0.11811394  0.39516453
   0.36115872]
 [ 0.07045391  0.62435345  1.         ...  0.07142134  0.22966093
   0.3063349 ]
 ...
 [ 0.00710918  0.11811394  0.07142134 ...  1.         -0.07259741
   0.02640881]
 [ 0.03173616  0.39516453  0.22966093 ... -0.07259741  1.
   0.00726064]
 [ 0.0721593   0.36115872  0.3063349  ...  0.02640881  0.00726064
   1.        ]]","[[ 1.         -0.32978152 -0.49542359 ... -0.58314101  0.46697929
  -0.12450663]
 [-0.32978152  1.         -0.24903837 ...  0.05883225  0.25294957
   0.18305914]
 [-0.49542359 -0.24903837  1.         ... -0.69429063  0.27600283
  -0.59412577]
 ...
 [-0.58314101  0.05883225 -0.69429063 ...  1.          0.17614458
  -0.57944612]
 [ 0.46697929  0.25294957  0.27600283 ...  0.17614458  1.
   0.13775222]
 [-0.12450663  0.18305914 -0.59412577 ... -0.57944612  0.13775222
   1.        ]]","[[ 0.          0.10235506  0.07057083 ...  0.0071093   0.03174683
   0.07228494]
 [ 0.10235506  0.          0.73210823 ...  0.11866785  0.41790558
   0.37821779]
 [ 0.07057083  0.73210823  0.         ...  0.07154315  0.23383149
   0.31649572]
 ...
 [ 0.0071093   0.11866785  0.07154315 ...  0.         -0.07272536
   0.02641495]
 [ 0.03174683  0.41790558  0.23383149 ... -0.07272536  0.
   0.00726077]
 [ 0.07228494  0.37821779  0.31649572 ...  0.02641495  0.00726077
   0.        ]]","[[ 0.         -0.34258309 -0.54322275 ... -0.66720907  0.50620019
  -0.12515604]
 [-0.34258309  0.         -0.25438733 ...  0.05890027  0.25856151
   0.18514608]
 [-0.54322275 -0.25438733  0.         ... -0.85619228  0.2833501
  -0.68401872]
 ...
 [-0.66720907  0.05890027 -0.85619228 ...  0.          0.17800101
  -0.66162846]
 [ 0.50620019  0.25856151  0.2833501  ...  0.17800101  0.
   0.13863359]
 [-0.12515604  0.18514608 -0.68401872 ... -0.66162846  0.13863359
   0.        ]]"
M,"[[0.95972011 1.23392782 1.20495627 ... 0.97764505 1.30891759 1.20123641]
 [0.9265524  1.28902477 1.49153345 ... 0.95901567 1.21026848 1.00915205]
 [1.0497553  1.22026441 1.16194808 ... 0.98980014 1.20691628 0.98411508]
 ...
 [1.02675623 0.95263053 1.03754829 ... 0.97874558 0.91072471 0.87899311]
 [1.0423912  0.89420301 1.23930488 ... 1.09497198 0.99217418 1.15951972]
 [1.12348682 1.11690669 0.9867336  ... 1.21200475 0.8164912  1.20903968]]","[[ 1.          0.11170505  0.17794028 ...  0.06839551  0.00360152
  -0.09575247]
 [ 0.11170505  1.          0.65052037 ...  0.05134377  0.42743848
   0.17640331]
 [ 0.17794028  0.65052037  1.         ... -0.00368192  0.47702272
   0.19942704]
 ...
 [ 0.06839551  0.05134377 -0.00368192 ...  1.          0.03409267
   0.11229301]
 [ 0.00360152  0.42743848  0.47702272 ...  0.03409267  1.
   0.08224419]
 [-0.09575247  0.17640331  0.19942704 ...  0.11229301  0.08224419
   1.        ]]","[[ 1.         -0.296917    0.30565593 ...  0.61797068  0.62035697
  -0.38345578]
 [-0.296917    1.          0.72976388 ...  0.36135243  0.15655717
  -0.29647544]
 [ 0.30565593  0.72976388  1.         ... -0.3673324   0.0498597
   0.44873329]
 ...
 [ 0.61797068  0.36135243 -0.3673324  ...  1.         -0.81375951
   0.69376855]
 [ 0.62035697  0.15655717  0.0498597  ... -0.81375951  1.
   0.48597152]
 [-0.38345578 -0.29647544  0.44873329 ...  0.69376855  0.48597152
   1.        ]]","[[ 0.          0.11217318  0.17985481 ...  0.06850246  0.00360154
  -0.09604672]
 [ 0.11217318  0.          0.77620031 ...  0.05138896  0.45675832
   0.17826803]
 [ 0.17985481  0.77620031  0.         ... -0.00368194  0.51912282
   0.20213579]
 ...
 [ 0.06850246  0.05138896 -0.00368194 ...  0.          0.03410589
   0.11276861]
 [ 0.00360154  0.45675832  0.51912282 ...  0.03410589  0.
   0.08243039]
 [-0.09604672  0.17826803  0.20213579 ...  0.11276861  0.08243039
   0.        ]]","[[ 0.         -0.30613512  0.3157466  ...  0.72171531  0.72558517
  -0.4041049 ]
 [-0.30613512  0.          0.92822205 ...  0.37844058  0.15785539
  -0.30565094]
 [ 0.3157466   0.92822205  0.         ... -0.3853359   0.04990108
   0.48311306]
 ...
 [ 0.72171531  0.37844058 -0.3853359  ...  0.         -1.13805913
   0.85518503]
 [ 0.72558517  0.15785539  0.04990108 ... -1.13805913  0.
   0.5307727 ]
 [-0.4041049  -0.30565094  0.48311306 ...  0.85518503  0.5307727
   0.        ]]"
M,"[[1.06466828 1.55566913 1.39278586 ... 1.09572982 1.17167852 1.039361  ]
 [0.99122713 1.17086413 1.24672379 ... 0.80126132 1.17201739 1.24493509]
 [0.94099964 1.27466488 1.47570232 ... 1.14640174 1.10378151 0.99364028]
 ...
 [1.01795729 1.0322003  0.85840207 ... 0.96866799 1.00616414 1.13865997]
 [1.01378742 0.98552105 1.08844389 ... 0.91439753 0.85710022 0.97359774]
 [1.16824651 0.95125678 1.11997059 ... 0.92811473 1.02950889 1.12767465]]","[[ 1.         -0.09063592 -0.05418076 ... -0.06402124  0.04717963
  -0.03539586]
 [-0.09063592  1.          0.63166719 ...  0.10353562  0.39383505
   0.10908647]
 [-0.05418076  0.63166719  1.         ...  0.23422013  0.37373719
   0.12960192]
 ...
 [-0.06402124  0.10353562  0.23422013 ...  1.          0.06739333
  -0.11954891]
 [ 0.04717963  0.39383505  0.37373719 ...  0.06739333  1.
   0.22512151]
 [-0.03539586  0.10908647  0.12960192 ... -0.11954891  0.22512151
   1.        ]]","[[ 1.          0.07882686  0.6417732  ... -0.83757088 -0.63834436
  -0.58006609]
 [ 0.07882686  1.         -0.61835215 ...  0.35295144  0.46078858
   0.49923366]
 [ 0.6417732  -0.61835215  1.         ...  0.9081803   0.92629926
   0.65146395]
 ...
 [-0.83757088  0.35295144  0.9081803  ...  1.         -0.9363029
  -0.69461039]
 [-0.63834436  0.46078858  0.92629926 ... -0.9363029   1.
  -0.61303711]
 [-0.58006609  0.49923366  0.65146395 ... -0.69461039 -0.61303711
   1.        ]]","[[ 0.         -0.09088533 -0.05423387 ... -0.06410892  0.04721468
  -0.03541065]
 [-0.09088533  0.          0.74418535 ...  0.10390797  0.41633106
   0.10952229]
 [-0.05423387  0.74418535  0.         ...  0.23864991  0.39276003
   0.13033494]
 ...
 [-0.06410892  0.10390797  0.23864991 ...  0.          0.06749564
  -0.12012338]
 [ 0.04721468  0.41633106  0.39276003 ...  0.06749564  0.
   0.22904454]
 [-0.03541065  0.10952229  0.13033494 ... -0.12012338  0.22904454
   0.        ]]","[[ 0.          0.07899074  0.76118292 ... -1.21297903 -0.75537449
  -0.6625623 ]
 [ 0.07899074  0.         -0.72233269 ...  0.3688112   0.49831197
   0.54828487]
 [ 0.76118292 -0.72233269  0.         ...  1.51703924  1.63167154
   0.77783788]
 ...
 [-1.21297903  0.3688112   1.51703924 ...  0.         -1.70719832
  -0.85680988]
 [-0.75537449  0.49831197  1.63167154 ... -1.70719832  0.
  -0.71377265]
 [-0.6625623   0.54828487  0.77783788 ... -0.85680988 -0.71377265
   0.        ]]"
M,"[[0.95345916 1.24093265 1.44061296 ... 1.04339335 1.20921873 1.1892802 ]
 [1.08897404 1.42072414 1.29054133 ... 0.88897309 0.88627106 0.98748508]
 [1.0382691  1.3260185  1.3642279  ... 1.08539809 1.2994433  0.96024238]
 ...
 [1.14593511 1.28827747 1.00847938 ... 1.04970973 0.87699142 1.07303891]
 [0.92063449 0.92884428 1.02498308 ... 1.05056095 0.96879649 1.06092888]
 [0.95794904 0.7776305  0.96609702 ... 0.99359757 1.00898912 1.11286516]]","[[ 1.         -0.01630818  0.04001446 ...  0.18169325  0.03150073
  -0.10705174]
 [-0.01630818  1.          0.64822117 ... -0.00315032  0.26863692
   0.18087236]
 [ 0.04001446  0.64822117  1.         ...  0.04963333  0.32645112
   0.13155701]
 ...
 [ 0.18169325 -0.00315032  0.04963333 ...  1.          0.03483103
  -0.11526339]
 [ 0.03150073  0.26863692  0.32645112 ...  0.03483103  1.
   0.15889403]
 [-0.10705174  0.18087236  0.13155701 ... -0.11526339  0.15889403
   1.        ]]","[[ 1.         -0.25617831 -0.37372436 ...  0.59145355 -0.0261452
   0.06062771]
 [-0.25617831  1.          0.05643661 ...  0.18424311 -0.60396674
   0.36343302]
 [-0.37372436  0.05643661  1.         ...  0.38216615  0.54787387
  -0.27244325]
 ...
 [ 0.59145355  0.18424311  0.38216615 ...  1.         -0.02843759
   0.19307959]
 [-0.0261452  -0.60396674  0.54787387 ... -0.02843759  1.
   0.35435683]
 [ 0.06062771  0.36343302 -0.27244325 ...  0.19307959  0.35435683
   1.        ]]","[[ 0.         -0.01630963  0.04003584 ...  0.18373319  0.03151115
  -0.10746352]
 [-0.01630963  0.          0.77222463 ... -0.00315033  0.27539414
   0.18288441]
 [ 0.04003584  0.77222463  0.         ...  0.04967414  0.33885088
   0.13232395]
 ...
 [ 0.18373319 -0.00315033  0.04967414 ...  0.          0.03484513
  -0.11577795]
 [ 0.03151115  0.27539414  0.33885088 ...  0.03484513  0.
   0.16025187]
 [-0.10746352  0.18288441  0.13232395 ... -0.11577795  0.16025187
   0.        ]]","[[ 0.         -0.26201398 -0.39274512 ...  0.67989872 -0.02615116
   0.06070216]
 [-0.26201398  0.          0.05649665 ...  0.18637137 -0.69936843
   0.38083572]
 [-0.39274512  0.05649665  0.         ...  0.40259383  0.61533819
  -0.27950108]
 ...
 [ 0.67989872  0.18637137  0.40259383 ...  0.         -0.02844526
   0.19553405]
 [-0.02615116 -0.69936843  0.61533819 ... -0.02844526  0.
   0.37041748]
 [ 0.06070216  0.38083572 -0.27950108 ...  0.19553405  0.37041748
   0.        ]]"
M,"[[1.00531912 1.21912912 1.36130959 ... 1.22780228 1.08125263 1.11674288]
 [0.95605366 1.3583542  1.18849153 ... 1.12952189 1.00658407 0.97177534]
 [1.09529448 1.29041491 1.37353847 ... 0.97710241 1.12937317 1.12601823]
 ...
 [0.82076028 0.87214693 0.97298942 ... 1.03395699 0.84223474 0.90229145]
 [1.00632632 1.00960582 0.90293906 ... 0.87684559 1.06246893 0.93682338]
 [1.07238331 0.99602518 0.88364433 ... 0.99334168 0.89121843 0.91000293]]","[[ 1.00000000e+00 -1.35406559e-02 -4.25784163e-02 ... -2.37632940e-02
  -1.12457649e-01  1.25481991e-01]
 [-1.35406559e-02  1.00000000e+00  6.59270809e-01 ...  7.95987410e-02
   4.15417315e-01  2.03096049e-01]
 [-4.25784163e-02  6.59270809e-01  1.00000000e+00 ...  8.24536275e-02
   3.91051666e-01  2.16076108e-01]
 ...
 [-2.37632940e-02  7.95987410e-02  8.24536275e-02 ...  1.00000000e+00
  -7.66384113e-04 -3.99015460e-02]
 [-1.12457649e-01  4.15417315e-01  3.91051666e-01 ... -7.66384113e-04
   1.00000000e+00  1.31067757e-01]
 [ 1.25481991e-01  2.03096049e-01  2.16076108e-01 ... -3.99015460e-02
   1.31067757e-01  1.00000000e+00]]","[[ 1.          0.59686359 -0.71292498 ... -0.72111572 -0.24920341
  -0.58558698]
 [ 0.59686359  1.          0.91192081 ...  0.78462677 -0.04804761
   0.85794781]
 [-0.71292498  0.91192081  1.         ... -0.72303449 -0.22176772
  -0.73081587]
 ...
 [-0.72111572  0.78462677 -0.72303449 ...  1.          0.1991098
  -0.77909351]
 [-0.24920341 -0.04804761 -0.22176772 ...  0.1991098   1.
   0.09770454]
