gender,data,corr,pcorr,fcorr,fpcorr
M,"[[0.9492749  1.19963588 1.44494958 ... 1.06259007 1.26953281 1.03938565]
 [1.00698211 1.07271798 1.30772515 ... 0.89135559 1.10108492 1.13389204]
 [1.02142272 1.27322507 1.30405822 ... 1.10701865 1.15306795 1.13647082]
 ...
 [1.02266803 1.18928848 1.0601317  ... 1.19070714 0.85233308 0.94588126]
 [1.05778185 1.07695193 0.84336076 ... 1.0204373  1.00367539 0.94455187]
 [1.1009895  1.13640767 1.05130458 ... 1.02433622 0.87118947 1.02355049]]","[[ 1.          0.01712204 -0.071141   ... -0.03029434  0.0659069
   0.05324242]
 [ 0.01712204  1.          0.69078107 ...  0.15152687  0.34383063
   0.02094096]
 [-0.071141    0.69078107  1.         ...  0.07185246  0.3385419
   0.03160198]
 ...
 [-0.03029434  0.15152687  0.07185246 ...  1.         -0.08940442
   0.01696381]
 [ 0.0659069   0.34383063  0.3385419  ... -0.08940442  1.
   0.02668847]
 [ 0.05324242  0.02094096  0.03160198 ...  0.01696381  0.02668847
   1.        ]]","[[ 1.          0.09869067 -0.56007644 ... -0.02032703 -0.21076033
  -0.26285413]
 [ 0.09869067  1.         -0.50490395 ... -0.2090844  -0.62904113
  -0.39606978]
 [-0.56007644 -0.50490395  1.         ... -0.40725844 -0.85697311
  -0.42499708]
 ...
 [-0.02032703 -0.2090844  -0.40725844 ...  1.         -0.46710047
   0.27506361]
 [-0.21076033 -0.62904113 -0.85697311 ... -0.46710047  1.
  -0.52262844]
 [-0.26285413 -0.39606978 -0.42499708 ...  0.27506361 -0.52262844
   1.        ]]","[[ 0.          0.01712371 -0.07126138 ... -0.03030361  0.06600258
   0.05329281]
 [ 0.01712371  0.          0.84944816 ...  0.15270282  0.35843027
   0.02094402]
 [-0.07126138  0.84944816  0.         ...  0.0719765   0.35244476
   0.03161251]
 ...
 [-0.03030361  0.15270282  0.0719765  ...  0.         -0.08964378
   0.01696544]
 [ 0.06600258  0.35843027  0.35244476 ... -0.08964378  0.
   0.02669481]
 [ 0.05329281  0.02094402  0.03161251 ...  0.01696544  0.02669481
   0.        ]]","[[ 0.          0.09901296 -0.63294455 ... -0.02032983 -0.21396689
  -0.26917191]
 [ 0.09901296  0.         -0.55586628 ... -0.2122137  -0.73982783
  -0.4189788 ]
 [-0.63294455 -0.55586628  0.         ... -0.43232012 -1.28183522
  -0.45377496]
 ...
 [-0.02032983 -0.2122137  -0.43232012 ...  0.         -0.50635517
   0.28233371]
 [-0.21396689 -0.73982783 -1.28183522 ... -0.50635517  0.
  -0.57994911]
 [-0.26917191 -0.4189788  -0.45377496 ...  0.28233371 -0.57994911
   0.        ]]"
M,"[[0.96622224 1.4019855  1.37461245 ... 1.06641412 1.17573171 1.05748468]
 [1.09807019 1.41653537 1.31958137 ... 1.05573063 1.19530764 0.99412463]
 [0.98508314 1.34334499 1.0082357  ... 0.89269306 1.26007871 1.06065692]
 ...
 [1.0413931  0.90841739 0.88218451 ... 1.08614829 0.8180559  1.04133726]
 [0.89498004 0.85248311 1.02985637 ... 0.87175849 1.01365435 0.93769034]
 [0.81607508 1.02206503 0.972269   ... 1.08942973 0.92814192 1.08093101]]","[[ 1.         -0.03418061 -0.12350913 ... -0.09982404  0.03132418
   0.09153415]
 [-0.03418061  1.          0.60413275 ...  0.20589838  0.33741949
  -0.00972782]
 [-0.12350913  0.60413275  1.         ...  0.17745415  0.23692916
   0.06629641]
 ...
 [-0.09982404  0.20589838  0.17745415 ...  1.          0.25475885
  -0.03845372]
 [ 0.03132418  0.33741949  0.23692916 ...  0.25475885  1.
   0.05127979]
 [ 0.09153415 -0.00972782  0.06629641 ... -0.03845372  0.05127979
   1.        ]]","[[ 1.         -0.00275598 -0.10055869 ...  0.33141638 -0.50654164
   0.09165803]
 [-0.00275598  1.         -0.5483745  ...  0.16935991 -0.0693481
   0.45491767]
 [-0.10055869 -0.5483745   1.         ...  0.20602585  0.27284121
   0.12550395]
 ...
 [ 0.33141638  0.16935991  0.20602585 ...  1.          0.42086124
  -0.42313937]
 [-0.50654164 -0.0693481   0.27284121 ...  0.42086124  1.
   0.48278387]
 [ 0.09165803  0.45491767  0.12550395 ... -0.42313937  0.48278387
   1.        ]]","[[ 0.         -0.03419393 -0.12414297 ... -0.10015761  0.03133443
   0.09179108]
 [-0.03419393  0.          0.69962981 ...  0.20888434  0.3511776
  -0.00972813]
 [-0.12414297  0.69962981  0.         ...  0.17935283  0.24151812
   0.06639379]
 ...
 [-0.10015761  0.20888434  0.17935283 ...  0.          0.26049541
  -0.03847269]
 [ 0.03133443  0.3511776   0.24151812 ...  0.26049541  0.
   0.05132481]
 [ 0.09179108 -0.00972813  0.06639379 ... -0.03847269  0.05132481
   0.        ]]","[[ 0.         -0.00275598 -0.10089971 ...  0.34441856 -0.55806676
   0.09191601]
 [-0.00275598  0.         -0.61605383 ...  0.1710076  -0.06945959
   0.49088388]
 [-0.10089971 -0.61605383  0.         ...  0.20901745  0.27993099
   0.1261692 ]
 ...
 [ 0.34441856  0.1710076   0.20901745 ...  0.          0.44873819
  -0.45150992]
 [-0.55806676 -0.06945959  0.27993099 ...  0.44873819  0.
   0.52660788]
 [ 0.09191601  0.49088388  0.1261692  ... -0.45150992  0.52660788
   0.        ]]"
M,"[[0.96489529 1.40226302 1.28610192 ... 0.94725299 1.13125702 0.88931099]
 [1.00475051 1.34547632 1.29541453 ... 0.75470715 1.15504372 1.05692311]
 [1.05157281 1.31712925 1.10263869 ... 0.95879705 1.20896642 1.02160693]
 ...
 [1.0463974  1.15313315 1.04090554 ... 1.15111782 1.07052953 0.85145931]
 [1.02885877 0.92879755 0.77654255 ... 1.0567397  1.04600923 1.04475354]
 [1.056592   1.00031591 1.09217937 ... 1.09332602 0.94216087 0.97248232]]","[[ 1.          0.12464311  0.11179906 ... -0.06355427 -0.15102424
   0.14426947]
 [ 0.12464311  1.          0.71398146 ...  0.00506105  0.36768841
   0.0934804 ]
 [ 0.11179906  0.71398146  1.         ...  0.0260385   0.31742631
   0.10757018]
 ...
 [-0.06355427  0.00506105  0.0260385  ...  1.          0.10445273
   0.01637268]
 [-0.15102424  0.36768841  0.31742631 ...  0.10445273  1.
   0.03858728]
 [ 0.14426947  0.0934804   0.10757018 ...  0.01637268  0.03858728
   1.        ]]","[[ 1.         -0.59563862 -0.9563891  ...  0.74815394 -0.68210999
  -0.47583118]
 [-0.59563862  1.         -0.71709562 ...  0.8811686  -0.8634394
  -0.91932716]
 [-0.9563891  -0.71709562  1.         ...  0.86167308 -0.80659424
  -0.64226276]
 ...
 [ 0.74815394  0.8811686   0.86167308 ...  1.          0.89514012
   0.87932067]
 [-0.68210999 -0.8634394  -0.80659424 ...  0.89514012  1.
  -0.90718592]
 [-0.47583118 -0.91932716 -0.64226276 ...  0.87932067 -0.90718592
   1.        ]]","[[ 0.          0.12529468  0.11226838 ... -0.06364005 -0.15218842
   0.14528309]
 [ 0.12529468  0.          0.89525882 ...  0.00506109  0.3857475
   0.09375413]
 [ 0.11226838  0.89525882  0.         ...  0.02604439  0.32878242
   0.10798799]
 ...
 [-0.06364005  0.00506109  0.02604439 ...  0.          0.10483511
   0.01637415]
 [-0.15218842  0.3857475   0.32878242 ...  0.10483511  0.
   0.03860645]
 [ 0.14528309  0.09375413  0.10798799 ...  0.01637415  0.03860645
   0.        ]]","[[ 0.         -0.68636017 -1.90177429 ...  0.9687488  -0.8330494
  -0.5175814 ]
 [-0.68636017  0.         -0.90164029 ...  1.38097138 -1.30670535
  -1.58466397]
 [-1.90177429 -0.90164029  0.         ...  1.2998055  -1.11720418
  -0.76201577]
 ...
 [ 0.9687488   1.38097138  1.2998055  ...  0.          1.44721155
   1.37276441]
 [-0.8330494  -1.30670535 -1.11720418 ...  1.44721155  0.
  -1.51139289]
 [-0.5175814  -1.58466397 -0.76201577 ...  1.37276441 -1.51139289
   0.        ]]"
M,"[[0.76559469 1.14822195 1.14428698 ... 1.01505409 1.28015376 0.89599907]
 [1.15549213 1.48140735 1.44461257 ... 1.05898837 1.07097274 1.03535803]
 [0.95129564 1.49349735 1.41599008 ... 0.80770795 1.30789636 0.97588907]
 ...
 [1.10757898 1.25613511 0.94852238 ... 1.07851421 1.10847729 0.96731225]
 [0.9298731  1.0138876  1.00027324 ... 1.16451723 0.89919253 1.05055754]
 [0.96325534 0.95291992 1.12824256 ... 1.00532808 0.96501541 0.86322229]]","[[ 1.         -0.18290963 -0.17098652 ...  0.10807633 -0.01150732
  -0.07422497]
 [-0.18290963  1.          0.6834656  ...  0.13545666  0.46008319
   0.04194114]
 [-0.17098652  0.6834656   1.         ...  0.23576369  0.31798589
   0.12061826]
 ...
 [ 0.10807633  0.13545666  0.23576369 ...  1.         -0.02053968
  -0.0616496 ]
 [-0.01150732  0.46008319  0.31798589 ... -0.02053968  1.
  -0.00933028]
 [-0.07422497  0.04194114  0.12061826 ... -0.0616496  -0.00933028
   1.        ]]","[[ 1.          0.84898188 -0.8389128  ...  0.31721371 -0.83866012
  -0.51490101]
 [ 0.84898188  1.          0.91197647 ... -0.42257957  0.82662414
   0.53017649]
 [-0.8389128   0.91197647  1.         ...  0.65830315 -0.87815286
  -0.417465  ]
 ...
 [ 0.31721371 -0.42257957  0.65830315 ...  1.          0.6260395
  -0.16885707]
 [-0.83866012  0.82662414 -0.87815286 ...  0.6260395   1.
  -0.27393852]
 [-0.51490101  0.53017649 -0.417465   ... -0.16885707 -0.27393852
   1.        ]]","[[ 0.         -0.18499139 -0.17268272 ...  0.1085001  -0.01150783
  -0.07436173]
 [-0.18499139  0.          0.83558895 ...  0.13629438  0.49741681
   0.04196576]
 [-0.17268272  0.83558895  0.         ...  0.24028369  0.32940483
   0.12120837]
 ...
 [ 0.1085001   0.13629438  0.24028369 ...  0.         -0.02054257
  -0.06172788]
 [-0.01150783  0.49741681  0.32940483 ... -0.02054257  0.
  -0.00933055]
 [-0.07436173  0.04196576  0.12120837 ... -0.06172788 -0.00933055
   0.        ]]","[[ 0.          1.2524953  -1.21749199 ...  0.32854602 -1.21663959
  -0.5693762 ]
 [ 1.2524953   0.          1.53914431 ... -0.45082823  1.17738149
   0.59039063]
 [-1.21749199  1.53914431  0.         ...  0.78981312 -1.36763839
  -0.44461804]
 ...
 [ 0.32854602 -0.45082823  0.78981312 ...  0.          0.7348762
  -0.17048995]
 [-1.21663959  1.17738149 -1.36763839 ...  0.7348762   0.
  -0.28111694]
 [-0.5693762   0.59039063 -0.44461804 ... -0.17048995 -0.28111694
   0.        ]]"
M,"[[0.99020727 1.13518056 1.3895819  ... 1.07308763 0.90633405 1.25733838]
 [1.02533513 1.18981795 1.31617217 ... 1.09259873 1.01943479 1.3861469 ]
 [0.8075605  1.15402924 1.36964853 ... 0.99257768 1.08952267 0.99276659]
 ...
 [1.12412563 0.91428962 0.98254002 ... 1.07752925 1.06276906 1.1529761 ]
 [0.8502334  0.92673801 0.93201665 ... 0.93452977 1.22626933 0.97933744]
 [0.91034053 1.00601542 1.0207948  ... 1.16015716 1.1089277  1.02861782]]","[[ 1.          0.02749947 -0.00667231 ...  0.00566144 -0.04970682
   0.0361556 ]
 [ 0.02749947  1.          0.66285998 ...  0.08840954  0.30991284
   0.23873516]
 [-0.00667231  0.66285998  1.         ...  0.10488993  0.30251592
   0.18279649]
 ...
 [ 0.00566144  0.08840954  0.10488993 ...  1.          0.07036448
   0.08841373]
 [-0.04970682  0.30991284  0.30251592 ...  0.07036448  1.
   0.03370678]
 [ 0.0361556   0.23873516  0.18279649 ...  0.08841373  0.03370678
   1.        ]]","[[ 1.          0.93415158  0.98201315 ...  0.75092517 -0.85450981
  -0.85084768]
 [ 0.93415158  1.         -0.92316765 ... -0.62594703  0.74545802
   0.81960109]
 [ 0.98201315 -0.92316765  1.         ... -0.83572216  0.90189216
   0.90986792]
 ...
 [ 0.75092517 -0.62594703 -0.83572216 ...  1.          0.860079
   0.87999667]
 [-0.85450981  0.74545802  0.90189216 ...  0.860079    1.
  -0.90633953]
 [-0.85084768  0.81960109  0.90986792 ...  0.87999667 -0.90633953
   1.        ]]","[[ 0.          0.0275064  -0.00667241 ...  0.0056615  -0.04974782
   0.03617137]
 [ 0.0275064   0.          0.79789796 ...  0.08864097  0.32044898
   0.2434324 ]
 [-0.00667241  0.79789796  0.         ...  0.10527716  0.31228665
   0.18487433]
 ...
 [ 0.0056615   0.08864097  0.10527716 ...  0.          0.07048096
   0.08864519]
 [-0.04974782  0.32044898  0.31228665 ...  0.07048096  0.
   0.03371955]
 [ 0.03617137  0.2434324   0.18487433 ...  0.08864519  0.03371955
   0.        ]]","[[ 0.          1.69003434  2.35111368 ...  0.97507311 -1.2726335
  -1.25921546]
 [ 1.69003434  0.         -1.6100516  ... -0.73472414  0.96265325
   1.155601  ]
 [ 2.35111368 -1.6100516   0.         ... -1.20681703  1.48226861
   1.52675662]
 ...
 [ 0.97507311 -0.73472414 -1.20681703 ...  0.          1.29364814
   1.37575289]
 [-1.2726335   0.96265325  1.48226861 ...  1.29364814  0.
  -1.50663197]
 [-1.25921546  1.155601    1.52675662 ...  1.37575289 -1.50663197
   0.        ]]"
M,"[[1.05995016 1.47029559 1.02801183 ... 1.1540539  1.43482209 1.1252524 ]
 [1.11660298 1.05389023 1.31411136 ... 0.90163642 1.10026361 0.90244389]
 [1.04229168 1.23642117 1.23755908 ... 1.0878875  1.06356511 1.04164901]
 ...
 [0.99614392 1.03453854 1.09207889 ... 1.00115536 1.13608574 0.98984623]
 [0.91672788 1.0644258  1.02491009 ... 1.06754881 0.87588558 1.1120788 ]
 [0.76065231 1.06199523 1.22694031 ... 1.09567348 0.83358544 1.126202  ]]","[[ 1.          0.19816279  0.16258075 ... -0.00555295  0.12672607
  -0.16561714]
 [ 0.19816279  1.          0.64749474 ...  0.08451914  0.34078902
   0.2327213 ]
 [ 0.16258075  0.64749474  1.         ...  0.07004502  0.24380912
   0.18395468]
 ...
 [-0.00555295  0.08451914  0.07004502 ...  1.          0.16195819
  -0.07191037]
 [ 0.12672607  0.34078902  0.24380912 ...  0.16195819  1.
   0.04470485]
 [-0.16561714  0.2327213   0.18395468 ... -0.07191037  0.04470485
   1.        ]]","[[ 1.         -0.8695065  -0.92340906 ... -0.90246875 -0.89423662
  -0.91993739]
 [-0.8695065   1.         -0.8794314  ... -0.8589128  -0.82027654
  -0.75568398]
 [-0.92340906 -0.8794314   1.         ... -0.9723412  -0.97969253
  -0.89385177]
 ...
 [-0.90246875 -0.8589128  -0.9723412  ...  1.         -0.9457221
  -0.83677041]
 [-0.89423662 -0.82027654 -0.97969253 ... -0.9457221   1.
  -0.88605334]
 [-0.91993739 -0.75568398 -0.89385177 ... -0.83677041 -0.88605334
   1.        ]]","[[ 0.          0.20081952  0.16403638 ... -0.00555301  0.12741106
  -0.1671568 ]
 [ 0.20081952  0.          0.77097276 ...  0.08472126  0.35498496
   0.23706467]
 [ 0.16403638  0.77097276  0.         ...  0.07015991  0.24881999
   0.18607282]
 ...
 [-0.00555301  0.08472126  0.07015991 ...  0.          0.16339699
  -0.07203471]
 [ 0.12741106  0.35498496  0.24881999 ...  0.16339699  0.
   0.04473467]
 [-0.1671568   0.23706467  0.18607282 ... -0.07203471  0.04473467
   0.        ]]","[[ 0.         -1.33105317 -1.6116878  ... -1.48536743 -1.44268343
  -1.58861947]
 [-1.33105317  0.         -1.37325283 ... -1.28918446 -1.15766219
  -0.98607561]
 [-1.6116878  -1.37325283  0.         ... -2.13351638 -2.28985412
  -1.44076575]
 ...
 [-1.48536743 -1.28918446 -2.13351638 ...  0.         -1.78963563
  -1.21030319]
 [-1.44268343 -1.15766219 -2.28985412 ... -1.78963563  0.
  -1.40325564]
 [-1.58861947 -0.98607561 -1.44076575 ... -1.21030319 -1.40325564
   0.        ]]"
M,"[[0.92541748 1.23792718 1.43322527 ... 1.03937829 1.09085195 0.88476178]
 [1.06426272 1.24408957 1.40215063 ... 0.88035106 1.2430599  1.22010509]
 [1.00706425 1.33667266 1.2733919  ... 1.1348289  1.03308943 1.02280103]
 ...
 [0.97588633 1.09557326 0.96206107 ... 0.74978777 0.87132361 1.14218859]
 [0.98361423 1.14778941 1.00588678 ... 1.08129309 1.10369352 1.00737673]
 [1.14541326 1.08026057 0.89199197 ... 1.11419985 0.84146589 0.93062597]]","[[ 1.          0.08896999  0.09351611 ...  0.02465057  0.05129178
   0.15298425]
 [ 0.08896999  1.          0.58289094 ...  0.10864371  0.34893639
   0.17871379]
 [ 0.09351611  0.58289094  1.         ...  0.03428457  0.35052491
   0.07416596]
 ...
 [ 0.02465057  0.10864371  0.03428457 ...  1.          0.03789444
  -0.14183762]
 [ 0.05129178  0.34893639  0.35052491 ...  0.03789444  1.
   0.08912288]
 [ 0.15298425  0.17871379  0.07416596 ... -0.14183762  0.08912288
   1.        ]]","[[ 1.          0.85411946 -0.83108143 ... -0.75516984  0.63065309
  -0.26640011]
 [ 0.85411946  1.          0.86496794 ...  0.78655402 -0.66565616
   0.1733841 ]
 [-0.83108143  0.86496794  1.         ... -0.93688321  0.76936724
  -0.52753491]
 ...
 [-0.75516984  0.78655402 -0.93688321 ...  1.          0.72515477
  -0.60553848]
 [ 0.63065309 -0.66565616  0.76936724 ...  0.72515477  1.
   0.64232837]
 [-0.26640011  0.1733841  -0.52753491 ... -0.60553848  0.64232837
   1.        ]]","[[ 0.          0.08920586  0.09379015 ...  0.02465557  0.05133683
   0.15419478]
 [ 0.08920586  0.          0.66683022 ...  0.10907422  0.36423217
   0.18065373]
 [ 0.09379015  0.66683022  0.         ...  0.03429801  0.36604207
   0.0743024 ]
 ...
 [ 0.02465557  0.10907422  0.03429801 ...  0.          0.03791259
  -0.14280043]
 [ 0.05133683  0.36423217  0.36604207 ...  0.03791259  0.
   0.08935998]
 [ 0.15419478  0.18065373  0.0743024  ... -0.14280043  0.08935998
   0.        ]]","[[ 0.          1.27118856 -1.19162264 ... -0.98487807  0.74249977
  -0.27298491]
 [ 1.27118856  0.          1.31274344 ...  1.06233007 -0.80290225
   0.17515355]
 [-1.19162264  1.31274344  0.         ... -1.71192424  1.01877531
  -0.58672334]
 ...
 [-0.98487807  1.06233007 -1.71192424 ...  0.          0.91843196
  -0.70184644]
 [ 0.74249977 -0.80290225  1.01877531 ...  0.91843196  0.
   0.76212746]
 [-0.27298491  0.17515355 -0.58672334 ... -0.70184644  0.76212746
   0.        ]]"
M,"[[0.96169479 1.60095176 1.45534195 ... 0.84379589 1.16740575 1.12161121]
 [1.11278655 1.24762065 1.21260532 ... 0.87471622 0.98393986 1.16254512]
 [1.08704525 1.15824776 1.73762262 ... 1.08026581 1.07272494 1.09806923]
 ...
 [0.93401359 1.02530543 1.07155905 ... 0.8584998  0.8469709  0.92567665]
 [0.91502857 0.94240208 0.99321533 ... 1.09457607 0.93092914 0.95167176]
 [0.93575957 1.06751691 1.03156322 ... 0.94427775 1.04691287 0.99763842]]","[[ 1.         -0.10022165  0.00747182 ...  0.11671223 -0.11437637
   0.15371378]
 [-0.10022165  1.          0.63789929 ...  0.07115035  0.40842835
   0.17800078]
 [ 0.00747182  0.63789929  1.         ...  0.07167263  0.33655478
   0.21358605]
 ...
 [ 0.11671223  0.07115035  0.07167263 ...  1.          0.04351236
   0.16532787]
 [-0.11437637  0.40842835  0.33655478 ...  0.04351236  1.
   0.13532807]
 [ 0.15371378  0.17800078  0.21358605 ...  0.16532787  0.13532807
   1.        ]]","[[ 1.          0.78790104 -0.89978701 ...  0.76862944 -0.30216043
  -0.53339949]
 [ 0.78790104  1.          0.89793896 ... -0.69698836  0.39353318
   0.56034326]
 [-0.89978701  0.89793896  1.         ...  0.80650696 -0.34716111
  -0.63982282]
 ...
 [ 0.76862944 -0.69698836  0.80650696 ...  1.          0.36223897
   0.31993424]
 [-0.30216043  0.39353318 -0.34716111 ...  0.36223897  1.
  -0.5491307 ]
 [-0.53339949  0.56034326 -0.63982282 ...  0.31993424 -0.5491307
   1.        ]]","[[ 0.         -0.10055924  0.00747196 ...  0.11724654 -0.11487907
   0.15494189]
 [-0.10055924  0.          0.7546237  ...  0.07127078  0.43372345
   0.17991729]
 [ 0.00747196  0.7546237   0.         ...  0.07179573  0.35020212
   0.21692581]
 ...
 [ 0.11724654  0.07127078  0.07179573 ...  0.          0.04353986
   0.16685939]
 [-0.11487907  0.43372345  0.35020212 ...  0.04353986  0.
   0.13616339]
 [ 0.15494189  0.17991729  0.21692581 ...  0.16685939  0.13616339
   0.        ]]","[[ 0.          1.06587232 -1.47109964 ...  1.01696981 -0.3118954
  -0.59488449]
 [ 1.06587232  0.          1.46147639 ... -0.86141959  0.41597382
   0.63333341]
 [-1.47109964  1.46147639  0.         ...  1.11695444 -0.3622122
  -0.7578737 ]
 ...
 [ 1.01696981 -0.86141959  1.11695444 ...  0.          0.37946063
   0.33157385]
 [-0.3118954   0.41597382 -0.3622122  ...  0.37946063  0.
  -0.61713585]
 [-0.59488449  0.63333341 -0.7578737  ...  0.33157385 -0.61713585
   0.        ]]"
M,"[[0.79925433 1.34212824 1.1482551  ... 0.93909014 1.13170873 0.91739256]
 [1.15493654 1.41448539 1.38330851 ... 1.02180715 1.11584534 1.21942669]
 [1.16013555 1.09692177 1.29331149 ... 1.14085018 0.9536123  0.90175517]
 ...
 [0.99654531 1.0794076  0.99962267 ... 0.9862007  1.01552175 1.09983416]
 [0.84299042 0.9843084  1.05578029 ... 1.08070479 0.88749579 1.08439403]
 [1.05629316 0.85470418 1.02363358 ... 0.97658357 0.98593643 1.0958265 ]]","[[ 1.          0.00523236  0.07467455 ...  0.02982973  0.0440362
  -0.01195617]
 [ 0.00523236  1.          0.64417413 ...  0.07753969  0.35135521
   0.20564338]
 [ 0.07467455  0.64417413  1.         ...  0.16792937  0.47031896
   0.28624091]
 ...
 [ 0.02982973  0.07753969  0.16792937 ...  1.          0.06226514
   0.19000788]
 [ 0.0440362   0.35135521  0.47031896 ...  0.06226514  1.
   0.11065008]
 [-0.01195617  0.20564338  0.28624091 ...  0.19000788  0.11065008
   1.        ]]","[[ 1.         -0.37942922  0.51125031 ...  0.71641787 -0.77372088
  -0.975782  ]
 [-0.37942922  1.          0.82957658 ... -0.20619549 -0.77284798
  -0.47374089]
 [ 0.51125031  0.82957658  1.         ...  0.17000989  0.91484096
   0.59717419]
 ...
 [ 0.71641787 -0.20619549  0.17000989 ...  1.          0.17590721
   0.64805707]
 [-0.77372088 -0.77284798  0.91484096 ...  0.17590721  1.
  -0.83265135]
 [-0.975782   -0.47374089  0.59717419 ...  0.64805707 -0.83265135
   1.        ]]","[[ 0.          0.00523241  0.07481382 ...  0.02983858  0.0440647
  -0.01195674]
 [ 0.00523241  0.          0.76527601 ...  0.07769565  0.36698899
   0.20861806]
 [ 0.07481382  0.76527601  0.         ...  0.16953518  0.51047981
   0.29446686]
 ...
 [ 0.02983858  0.07769565  0.16953518 ...  0.          0.06234579
   0.19234535]
 [ 0.0440647   0.36698899  0.51047981 ...  0.06234579  0.
   0.11110501]
 [-0.01195674  0.20861806  0.29446686 ...  0.19234535  0.11110501
   0.        ]]","[[ 0.         -0.3993927   0.56442106 ...  0.90024648 -1.02953276
  -2.20081177]
 [-0.3993927   0.          1.18677691 ... -0.20919462 -1.02736154
  -0.51488279]
 [ 0.56442106  1.18677691  0.         ...  0.17167684  1.55643463
   0.68874348]
 ...
 [ 0.90024648 -0.20919462  0.17167684 ...  0.          0.17775604
   0.77194165]
 [-1.02953276 -1.02736154  1.55643463 ...  0.17775604  0.
  -1.19671984]
 [-2.20081177 -0.51488279  0.68874348 ...  0.77194165 -1.19671984
   0.        ]]"
M,"[[1.16185363 1.3306096  1.12470307 ... 0.97630945 1.11062304 1.06429178]
 [0.91821762 1.38605593 1.45614997 ... 1.05205989 1.19567332 1.03422554]
 [1.1101231  1.05933777 1.1206509  ... 1.02883268 1.28985309 1.21662705]
 ...
 [1.07134838 0.81811265 1.04716698 ... 0.86998266 0.98858909 0.91149693]
 [1.02282317 0.97839121 1.03357878 ... 0.99781125 1.00668794 0.80917677]
 [1.0729459  0.96848485 1.07930935 ... 1.06455335 0.96375419 1.05254621]]","[[ 1.00000000e+00 -1.79178024e-01 -1.28545285e-01 ... -7.17421043e-02
  -3.72828034e-05 -4.98093911e-02]
 [-1.79178024e-01  1.00000000e+00  6.95064935e-01 ...  9.82019022e-02
   3.32831722e-01  2.96123734e-01]
 [-1.28545285e-01  6.95064935e-01  1.00000000e+00 ...  1.69070314e-01
   2.45122836e-01  2.35475311e-01]
 ...
 [-7.17421043e-02  9.82019022e-02  1.69070314e-01 ...  1.00000000e+00
   6.35379293e-02  2.11219297e-01]
 [-3.72828034e-05  3.32831722e-01  2.45122836e-01 ...  6.35379293e-02
   1.00000000e+00  1.17514882e-01]
 [-4.98093911e-02  2.96123734e-01  2.35475311e-01 ...  2.11219297e-01
   1.17514882e-01  1.00000000e+00]]","[[ 1.         -0.06499505  0.25954748 ... -0.43911103  0.0234797
   0.37861846]
 [-0.06499505  1.          0.05787625 ... -0.27240052 -0.79147026
  -0.31461731]
 [ 0.25954748  0.05787625  1.         ...  0.74408181 -0.01330481
  -0.17306389]
 ...
 [-0.43911103 -0.27240052  0.74408181 ...  1.         -0.25553043
   0.35718098]
 [ 0.0234797  -0.79147026 -0.01330481 ... -0.25553043  1.
  -0.05775781]
 [ 0.37861846 -0.31461731 -0.17306389 ...  0.35718098 -0.05775781
   1.        ]]","[[ 0.00000000e+00 -1.81133318e-01 -1.29260411e-01 ... -7.18655696e-02
  -3.72828034e-05 -4.98506445e-02]
 [-1.81133318e-01  0.00000000e+00  8.57688738e-01 ...  9.85194152e-02
   3.46009384e-01  3.05265382e-01]
 [-1.29260411e-01  8.57688738e-01  0.00000000e+00 ...  1.70709465e-01
   2.50217214e-01  2.39978362e-01]
 ...
 [-7.18655696e-02  9.85194152e-02  1.70709465e-01 ...  0.00000000e+00
   6.36236393e-02  2.14447238e-01]
 [-3.72828034e-05  3.46009384e-01  2.50217214e-01 ...  6.36236393e-02
   0.00000000e+00  1.18060360e-01]
 [-4.98506445e-02  3.05265382e-01  2.39978362e-01 ...  2.14447238e-01
   1.18060360e-01  0.00000000e+00]]","[[ 0.         -0.06508681  0.26562314 ... -0.47112895  0.02348401
   0.39844593]
 [-0.06508681  0.          0.05794101 ... -0.27945492 -1.07535515
  -0.32566177]
 [ 0.26562314  0.05794101  0.         ...  0.95956284 -0.0133056
  -0.17482344]
 ...
 [-0.47112895 -0.27945492  0.95956284 ...  0.         -0.26132071
   0.3736509 ]
 [ 0.02348401 -1.07535515 -0.0133056  ... -0.26132071  0.
  -0.05782216]
 [ 0.39844593 -0.32566177 -0.17482344 ...  0.3736509  -0.05782216
   0.        ]]"
M,"[[0.92066947 1.11336209 1.28347211 ... 0.90194266 1.05441492 0.9032119 ]
 [1.01010584 1.41946784 1.09854492 ... 1.07265823 1.07160848 1.08083014]
 [0.94354116 1.51556373 1.29258863 ... 0.95866044 1.11365955 1.00500466]
 ...
 [0.94780931 1.04439545 0.92873302 ... 0.68690833 0.83020052 0.79957375]
 [1.0622599  1.18022133 0.9740227  ... 0.8627819  0.98328589 1.02074092]
 [0.99792055 0.88091113 1.12351147 ... 0.99138512 0.8876181  0.89760185]]","[[ 1.         -0.09755832  0.0221279  ...  0.02411474 -0.0363679
   0.05460383]
 [-0.09755832  1.          0.53459145 ...  0.07902712  0.39988985
   0.3066777 ]
 [ 0.0221279   0.53459145  1.         ...  0.17473587  0.35117456
   0.12098242]
 ...
 [ 0.02411474  0.07902712  0.17473587 ...  1.          0.05930205
  -0.03030729]
 [-0.0363679   0.39988985  0.35117456 ...  0.05930205  1.
  -0.00122783]
 [ 0.05460383  0.3066777   0.12098242 ... -0.03030729 -0.00122783
   1.        ]]","[[ 1.          0.57460738  0.42268715 ... -0.06538949 -0.20910373
   0.66337107]
 [ 0.57460738  1.         -0.70296025 ... -0.16187369  0.50032911
  -0.53827064]
 [ 0.42268715 -0.70296025  1.         ... -0.1629003   0.81844426
  -0.42146262]
 ...
 [-0.06538949 -0.16187369 -0.1629003  ...  1.          0.2072908
  -0.35825678]
 [-0.20910373  0.50032911  0.81844426 ...  0.2072908   1.
   0.32503949]
 [ 0.66337107 -0.53827064 -0.42146262 ... -0.35825678  0.32503949
   1.        ]]","[[ 0.         -0.09786961  0.02213152 ...  0.02411942 -0.03638394
   0.0546582 ]
 [-0.09786961  0.          0.59655192 ...  0.07919225  0.4235178
   0.31687406]
 [ 0.02213152  0.59655192  0.         ...  0.17654756  0.36678292
   0.12157792]
 ...
 [ 0.02411942  0.07919225  0.17654756 ...  0.          0.05937171
  -0.03031658]
 [-0.03638394  0.4235178   0.36678292 ...  0.05937171  0.
  -0.00122783]
 [ 0.0546582   0.31687406  0.12157792 ... -0.03031658 -0.00122783
   0.        ]]","[[ 0.          0.65437435  0.4509592  ... -0.06548293 -0.21223391
   0.79881018]
 [ 0.65437435  0.         -0.87312869 ... -0.1633102   0.54974505
  -0.60171759]
 [ 0.4509592  -0.87312869  0.         ... -0.16436462  1.15208694
  -0.44946924]
 ...
 [-0.06548293 -0.1633102  -0.16436462 ...  0.          0.21033884
  -0.37488456]
 [-0.21223391  0.54974505  1.15208694 ...  0.21033884  0.
   0.33727168]
 [ 0.79881018 -0.60171759 -0.44946924 ... -0.37488456  0.33727168
   0.        ]]"
M,"[[0.98892524 1.33876256 1.22151542 ... 1.07075809 1.52714724 1.06524994]
 [0.9677447  1.33911696 1.13439634 ... 0.86765446 1.16030181 0.81544489]
 [1.04408157 1.31785636 1.16572135 ... 1.04568132 1.12204737 1.16839002]
 ...
 [0.94771802 1.10076883 0.75962672 ... 1.07457918 0.87831149 1.00131118]
 [1.03922526 0.97526244 0.97844931 ... 1.09740726 1.11701861 0.89944058]
 [0.81791474 0.95600579 0.99187089 ... 1.03223271 0.86460466 1.02271076]]","[[ 1.          0.0434383   0.02625135 ...  0.11262058 -0.01218369
   0.00465789]
 [ 0.0434383   1.          0.56779067 ...  0.13221827  0.38521703
   0.16209274]
 [ 0.02625135  0.56779067  1.         ...  0.09358823  0.27587193
   0.17744418]
 ...
 [ 0.11262058  0.13221827  0.09358823 ...  1.          0.18709012
   0.04688549]
 [-0.01218369  0.38521703  0.27587193 ...  0.18709012  1.
   0.11434603]
 [ 0.00465789  0.16209274  0.17744418 ...  0.04688549  0.11434603
   1.        ]]","[[ 1.          0.54435862  0.60901781 ...  0.23767504  0.27458923
   0.78582513]
 [ 0.54435862  1.         -0.39649533 ... -0.48351292 -0.05921203
  -0.55929925]
 [ 0.60901781 -0.39649533  1.         ... -0.16682058 -0.21381566
  -0.67073268]
 ...
 [ 0.23767504 -0.48351292 -0.16682058 ...  1.          0.69861684
  -0.10286325]
 [ 0.27458923 -0.05921203 -0.21381566 ...  0.69861684  1.
  -0.52997729]
 [ 0.78582513 -0.55929925 -0.67073268 ... -0.10286325 -0.52997729
   1.        ]]","[[ 0.          0.04346566  0.02625738 ...  0.11310038 -0.01218429
   0.00465792]
 [ 0.04346566  0.          0.64425633 ...  0.13299692  0.4061714
   0.16353516]
 [ 0.02625738  0.64425633  0.         ...  0.09386292  0.28320841
   0.17934253]
 ...
 [ 0.11310038  0.13299692  0.09386292 ...  0.          0.18932003
   0.04691989]
 [-0.01218429  0.4061714   0.28320841 ...  0.18932003  0.
   0.11484834]
 [ 0.00465792  0.16353516  0.17934253 ...  0.04691989  0.11484834
   0.        ]]","[[ 0.          0.61032895  0.70735861 ...  0.2423085   0.28182058
   1.0604215 ]
 [ 0.61032895  0.         -0.41948364 ... -0.52755893 -0.05928138
  -0.63181286]
 [ 0.70735861 -0.41948364  0.         ... -0.16839443 -0.21716641
  -0.8120738 ]
 ...
 [ 0.2423085  -0.52755893 -0.16839443 ...  0.          0.86459358
  -0.10322837]
 [ 0.28182058 -0.05928138 -0.21716641 ...  0.86459358  0.
  -0.59011357]
 [ 1.0604215  -0.63181286 -0.8120738  ... -0.10322837 -0.59011357
   0.        ]]"
M,"[[1.19342296 1.31804717 1.3314154  ... 1.00145327 1.13196547 1.11121913]
 [0.94140369 1.52473136 1.23024347 ... 1.05272818 1.22555524 0.99135145]
 [0.93058935 1.37179197 1.04494878 ... 1.20600104 1.05508006 0.95270835]
 ...
 [1.03930536 0.9864695  0.9623696  ... 1.06370828 0.99412527 0.9725169 ]
 [1.022918   0.85896375 1.07597316 ... 0.95006327 0.82536944 0.85284239]
 [1.12718069 1.09492954 0.98742047 ... 1.05551592 0.92097352 1.02400644]]","[[ 1.         -0.10179031 -0.10422752 ...  0.12820158 -0.1607642
  -0.05637704]
 [-0.10179031  1.          0.62868977 ...  0.24705649  0.34527867
   0.32333464]
 [-0.10422752  0.62868977  1.         ...  0.18825554  0.35512281
   0.31148937]
 ...
 [ 0.12820158  0.24705649  0.18825554 ...  1.          0.11594411
  -0.06360778]
 [-0.1607642   0.34527867  0.35512281 ...  0.11594411  1.
   0.05634497]
 [-0.05637704  0.32333464  0.31148937 ... -0.06360778  0.05634497
   1.        ]]","[[ 1.         -0.96857408  0.9668166  ...  0.5857921  -0.80304295
  -0.8586357 ]
 [-0.96857408  1.          0.98375794 ...  0.62488756 -0.80904059
  -0.90147301]
 [ 0.9668166   0.98375794  1.         ... -0.68036997  0.82366874
   0.9358722 ]
 ...
 [ 0.5857921   0.62488756 -0.68036997 ...  1.          0.62392841
   0.78649035]
 [-0.80304295 -0.80904059  0.82366874 ...  0.62392841  1.
  -0.82823684]
 [-0.8586357  -0.90147301  0.9358722  ...  0.78649035 -0.82823684
   1.        ]]","[[ 0.         -0.10214407 -0.10460742 ...  0.12891095 -0.16217108
  -0.05643688]
 [-0.10214407  0.          0.73924662 ...  0.25227552  0.36007338
   0.33536661]
 [-0.10460742  0.73924662  0.         ...  0.19052799  0.37129373
   0.32219397]
 ...
 [ 0.12891095  0.25227552  0.19052799 ...  0.          0.11646789
  -0.06369377]
 [-0.16217108  0.36007338  0.37129373 ...  0.11646789  0.
   0.05640471]
 [-0.05643688  0.33536661  0.32219397 ... -0.06369377  0.05640471
   0.        ]]","[[ 0.         -2.06871583  2.04106085 ...  0.67123564 -1.10712267
  -1.28812889]
 [-2.06871583  0.          2.40257192 ...  0.73298403 -1.12424552
  -1.4800268 ]
 [ 2.04106085  2.40257192  0.         ... -0.82980254  1.16812058
   1.70371762]
 ...
 [ 0.67123564  0.73298403 -0.82980254 ...  0.          0.73141196
   1.06216311]
 [-1.10712267 -1.12424552  1.16812058 ...  0.73141196  0.
  -1.18249536]
 [-1.28812889 -1.4800268   1.70371762 ...  1.06216311 -1.18249536
   0.        ]]"
M,"[[0.93456163 1.27691724 1.52201282 ... 1.07717669 0.94116895 1.20766004]
 [1.08371394 1.61543044 1.15323518 ... 1.06802554 1.14638848 1.06078477]
 [0.94708377 1.15106942 1.26685779 ... 1.09655108 1.15429255 0.9337612 ]
 ...
 [1.03998693 0.81831728 0.96532161 ... 1.0975448  0.87052168 1.06514678]
 [1.10590248 0.82061775 0.93715717 ... 0.914113   1.05119411 1.01209163]
 [1.04880298 1.02254481 0.96490365 ... 1.19608481 0.97991031 0.83554253]]","[[ 1.         -0.10509873 -0.08576252 ... -0.04272979  0.06269155
   0.08740372]
 [-0.10509873  1.          0.60490245 ...  0.25228851  0.35884233
   0.12637941]
 [-0.08576252  0.60490245  1.         ...  0.18100003  0.23545534
   0.21233496]
 ...
 [-0.04272979  0.25228851  0.18100003 ...  1.          0.06062604
  -0.08625696]
 [ 0.06269155  0.35884233  0.23545534 ...  0.06062604  1.
   0.05957981]
 [ 0.08740372  0.12637941  0.21233496 ... -0.08625696  0.05957981
   1.        ]]","[[ 1.          0.6731519  -0.71710144 ... -0.02400678 -0.45424557
  -0.69628169]
 [ 0.6731519   1.          0.74070584 ...  0.3095556   0.53251859
   0.586228  ]
 [-0.71710144  0.74070584  1.         ... -0.4313997  -0.68538638
  -0.82251461]
 ...
 [-0.02400678  0.3095556  -0.4313997  ...  1.         -0.60237494
  -0.5329725 ]
 [-0.45424557  0.53251859 -0.68538638 ... -0.60237494  1.
  -0.60915481]
 [-0.69628169  0.586228   -0.82251461 ... -0.5329725  -0.60915481
   1.        ]]","[[ 0.         -0.10548827 -0.08597372 ... -0.04275582  0.06277387
   0.08762732]
 [-0.10548827  0.          0.70084279 ...  0.25785538  0.3755565
   0.12705877]
 [-0.08597372  0.70084279  0.         ...  0.1830164   0.23995721
   0.21561529]
 ...
 [-0.04275582  0.25785538  0.1830164  ...  0.          0.06070048
  -0.08647184]
 [ 0.06277387  0.3755565   0.23995721 ...  0.06070048  0.
   0.05965046]
 [ 0.08762732  0.12705877  0.21561529 ... -0.08647184  0.05965046
   0.        ]]","[[ 0.          0.81648448 -0.90165228 ... -0.0240114  -0.49003672
  -0.86004661]
 [ 0.81648448  0.          0.9520414  ...  0.32005383  0.59365411
   0.67189952]
 [-0.90165228  0.9520414   0.         ... -0.46161516 -0.83920241
  -1.16454209]
 ...
 [-0.0240114   0.32005383 -0.46161516 ...  0.         -0.69686633
  -0.59428789]
 [-0.49003672  0.59365411 -0.83920241 ... -0.69686633  0.
  -0.7075764 ]
 [-0.86004661  0.67189952 -1.16454209 ... -0.59428789 -0.7075764
   0.        ]]"
M,"[[1.17636406 1.34440541 0.99521589 ... 1.20501243 1.14215881 1.01008432]
 [0.95735992 1.39137442 1.28627202 ... 0.88552814 0.94757269 0.86474806]
 [0.89684634 1.24349053 1.38280351 ... 1.13891272 1.07643958 1.19153891]
 ...
 [0.94268118 0.85971061 1.11420191 ... 1.1110751  1.20130085 1.14310786]
 [0.93029684 1.05602145 0.94828588 ... 1.05006443 0.97022903 1.06679524]
 [0.99495562 1.13156437 1.07732984 ... 1.00857888 0.94320353 1.0620529 ]]","[[ 1.          0.00736685 -0.02482101 ...  0.02647044 -0.03634608
   0.21398685]
 [ 0.00736685  1.          0.66516548 ...  0.25215896  0.53357105
   0.10006226]
 [-0.02482101  0.66516548  1.         ...  0.2815397   0.41382813
   0.26227495]
 ...
 [ 0.02647044  0.25215896  0.2815397  ...  1.          0.19923355
   0.04565132]
 [-0.03634608  0.53357105  0.41382813 ...  0.19923355  1.
   0.10117139]
 [ 0.21398685  0.10006226  0.26227495 ...  0.04565132  0.10117139
   1.        ]]","[[ 1.         -0.86130642  0.55802533 ... -0.70973501 -0.49817408
   0.45862573]
 [-0.86130642  1.          0.79954403 ... -0.84934108 -0.23035334
   0.48547423]
 [ 0.55802533  0.79954403  1.         ...  0.63622394 -0.23662355
  -0.63381173]
 ...
 [-0.70973501 -0.84934108  0.63622394 ...  1.         -0.09918486
   0.15812845]
 [-0.49817408 -0.23035334 -0.23662355 ... -0.09918486  1.
   0.17288795]
 [ 0.45862573  0.48547423 -0.63381173 ...  0.15812845  0.17288795
   1.        ]]","[[ 0.          0.00736698 -0.02482611 ...  0.02647662 -0.0363621
   0.21734581]
 [ 0.00736698  0.          0.80202167 ...  0.25771703  0.59512431
   0.10039824]
 [-0.02482611  0.80202167  0.         ...  0.28935354  0.44022162
   0.26854985]
 ...
 [ 0.02647662  0.25771703  0.28935354 ...  0.          0.2019343
   0.04568307]
 [-0.0363621   0.59512431  0.44022162 ...  0.2019343   0.
   0.10151871]
 [ 0.21734581  0.10039824  0.26854985 ...  0.04568307  0.10151871
   0.        ]]","[[ 0.         -1.29838342  0.62996096 ... -0.8866497  -0.54687454
   0.49556957]
 [-1.29838342  0.          1.097347   ... -1.25378309 -0.23456258
   0.53012186]
 [ 0.62996096  1.097347    0.         ...  0.75180397 -0.24119436
  -0.74776173]
 ...
 [-0.8866497  -1.25378309  0.75180397 ...  0.         -0.09951204
   0.15946656]
 [-0.54687454 -0.23456258 -0.24119436 ... -0.09951204  0.
   0.17464207]
 [ 0.49556957  0.53012186 -0.74776173 ...  0.15946656  0.17464207
   0.        ]]"
M,"[[1.1499085  1.38414602 1.33827517 ... 0.89999428 1.09160009 0.93382734]
 [0.86046788 1.08168431 1.34010775 ... 1.03580149 1.15043317 1.08789628]
 [1.18765387 1.07580431 1.19660688 ... 1.14557161 1.15617738 1.24558064]
 ...
 [0.98646097 1.11857892 1.08686677 ... 0.81018721 0.99388278 0.94980902]
 [0.93326102 1.07108496 0.84646047 ... 1.01340247 1.0034484  1.23316851]
 [0.97015235 0.92624245 1.06858331 ... 0.90222786 0.86404414 0.92649822]]","[[ 1.          0.00962223 -0.00361995 ... -0.0484982   0.17783875
  -0.0409168 ]
 [ 0.00962223  1.          0.64301041 ...  0.15264611  0.30300561
   0.00761332]
 [-0.00361995  0.64301041  1.         ...  0.15213023  0.45208656
   0.07390953]
 ...
 [-0.0484982   0.15264611  0.15213023 ...  1.         -0.00350601
   0.02177004]
 [ 0.17783875  0.30300561  0.45208656 ... -0.00350601  1.
   0.07186144]
 [-0.0409168   0.00761332  0.07390953 ...  0.02177004  0.07186144
   1.        ]]","[[ 1.         -0.53551244 -0.43467145 ... -0.43483517  0.12049178
  -0.04693088]
 [-0.53551244  1.         -0.72226447 ...  0.0026789   0.10286519
  -0.65778354]
 [-0.43467145 -0.72226447  1.         ...  0.26553999  0.4901536
  -0.45557315]
 ...
 [-0.43483517  0.0026789   0.26553999 ...  1.         -0.56476353
   0.38947505]
 [ 0.12049178  0.10286519  0.4901536  ... -0.56476353  1.
  -0.05202627]
 [-0.04693088 -0.65778354 -0.45557315 ...  0.38947505 -0.05202627
   1.        ]]","[[ 0.          0.00962253 -0.00361996 ... -0.04853627  0.17974997
  -0.04093965]
 [ 0.00962253  0.          0.76328941 ...  0.15384856  0.31282576
   0.00761347]
 [-0.00361996  0.76328941  0.         ...  0.15332042  0.48731974
   0.07404455]
 ...
 [-0.04853627  0.15384856  0.15332042 ...  0.         -0.00350603
   0.02177348]
 [ 0.17974997  0.31282576  0.48731974 ... -0.00350603  0.
   0.07198553]
 [-0.04093965  0.00761347  0.07404455 ...  0.02177348  0.07198553
   0.        ]]","[[ 0.         -0.59784234 -0.46564204 ... -0.46584392  0.12108002
  -0.04696538]
 [-0.59784234  0.         -0.91236297 ...  0.0026789   0.10323033
  -0.78889666]
 [-0.46564204 -0.91236297  0.         ...  0.27205931  0.53626249
  -0.49171071]
 ...
 [-0.46584392  0.0026789   0.27205931 ...  0.         -0.63980025
   0.41118106]
 [ 0.12108002  0.10323033  0.53626249 ... -0.63980025  0.
  -0.05207328]
 [-0.04696538 -0.78889666 -0.49171071 ...  0.41118106 -0.05207328
   0.        ]]"
M,"[[0.89713846 1.2127608  1.36585461 ... 1.00298641 1.08151222 1.06947242]
 [1.29431208 1.32734289 1.15367506 ... 1.25721357 1.16542805 0.98878862]
 [0.91626273 1.10765306 1.33514606 ... 1.00295592 1.12818104 1.10583007]
 ...
 [0.933179   1.16079521 1.00915696 ... 0.81598097 0.88428786 0.9486437 ]
 [1.18925986 1.14917136 1.0088352  ... 0.85904511 0.79147758 0.98491344]
 [1.01313333 0.81133803 1.11095535 ... 0.96902772 0.95043502 0.94004249]]","[[ 1.         -0.0886753  -0.09385558 ...  0.04035325 -0.01256402
   0.01549846]
 [-0.0886753   1.          0.65755172 ...  0.20677189  0.32739482
   0.12531847]
 [-0.09385558  0.65755172  1.         ...  0.0232513   0.27251363
   0.21284837]
 ...
 [ 0.04035325  0.20677189  0.0232513  ...  1.          0.26290641
  -0.06845885]
 [-0.01256402  0.32739482  0.27251363 ...  0.26290641  1.
  -0.00419578]
 [ 0.01549846  0.12531847  0.21284837 ... -0.06845885 -0.00419578
   1.        ]]","[[ 1.         -0.95629309  0.97526027 ... -0.90627652  0.93745161
   0.80669242]
 [-0.95629309  1.          0.92804833 ... -0.84183436  0.84240975
   0.82926002]
 [ 0.97526027  0.92804833  1.         ...  0.88014132 -0.93839284
  -0.87221781]
 ...
 [-0.90627652 -0.84183436  0.88014132 ...  1.          0.91739972
   0.67323255]
 [ 0.93745161  0.84240975 -0.93839284 ...  0.91739972  1.
  -0.75414173]
