gender,data,corr,pcorr,fcorr,fpcorr
M,"[[0.97646379 1.19907516 1.16476107 ... 0.89287619 1.03151565 1.12500891]
 [1.22173559 1.29855505 1.0683178  ... 1.09577942 1.04825295 1.01516451]
 [0.9669296  1.47163526 1.16404789 ... 0.88519053 1.190518   0.91276381]
 ...
 [0.96624246 1.19660212 0.89237801 ... 1.1177883  1.0771736  1.05334373]
 [1.10452973 0.73939682 1.02351088 ... 0.9919797  1.13546977 0.8915575 ]
 [0.92813945 1.0809018  1.03397094 ... 1.10023382 1.05418395 1.07079055]]","[[ 1.          0.03406579  0.00860659 ... -0.10426187  0.08098474
  -0.12984609]
 [ 0.03406579  1.          0.63245187 ...  0.05900886  0.39999602
   0.24949126]
 [ 0.00860659  0.63245187  1.         ...  0.15545015  0.37783357
   0.18999199]
 ...
 [-0.10426187  0.05900886  0.15545015 ...  1.         -0.12096996
   0.05957171]
 [ 0.08098474  0.39999602  0.37783357 ... -0.12096996  1.
   0.02437144]
 [-0.12984609  0.24949126  0.18999199 ...  0.05957171  0.02437144
   1.        ]]","[[ 1.         -0.5267362  -0.22546723 ...  0.50532098  0.33659337
   0.18770152]
 [-0.5267362   1.         -0.16769253 ...  0.80522132  0.55004501
   0.25347107]
 [-0.22546723 -0.16769253  1.         ...  0.10604602  0.48157838
   0.76313189]
 ...
 [ 0.50532098  0.80522132  0.10604602 ...  1.         -0.62758969
  -0.30780403]
 [ 0.33659337  0.55004501  0.48157838 ... -0.62758969  1.
  -0.78007153]
 [ 0.18770152  0.25347107  0.76313189 ... -0.30780403 -0.78007153
   1.        ]]","[[ 0.          0.03407898  0.00860681 ... -0.10464214  0.08116249
  -0.1305833 ]
 [ 0.03407898  0.          0.74549205 ...  0.05907749  0.4236442
   0.25487023]
 [ 0.00860681  0.74549205  0.         ...  0.15672076  0.39753002
   0.19232886]
 ...
 [-0.10464214  0.05907749  0.15672076 ...  0.         -0.12156528
   0.05964233]
 [ 0.08116249  0.4236442   0.39753002 ... -0.12156528  0.
   0.02437626]
 [-0.1305833   0.25487023  0.19232886 ...  0.05964233  0.02437626
   0.        ]]","[[ 0.         -0.5856173  -0.22940874 ...  0.55642616  0.35024563
   0.18995368]
 [-0.5856173   0.         -0.16929148 ...  1.11328726  0.61844584
   0.25911873]
 [-0.22940874 -0.16929148  0.         ...  0.10644625  0.52503721
   1.00367174]
 ...
 [ 0.55642616  1.11328726  0.10644625 ...  0.         -0.73742962
  -0.31811779]
 [ 0.35024563  0.61844584  0.52503721 ... -0.73742962  0.
  -1.04555324]
 [ 0.18995368  0.25911873  1.00367174 ... -0.31811779 -1.04555324
   0.        ]]"
M,"[[1.10490786 1.27133832 1.4330187  ... 1.126723   1.12490734 0.94434642]
 [1.1160339  1.23237079 1.5063998  ... 0.97985636 1.00707728 0.90290305]
 [1.0370812  1.22730377 1.17807998 ... 1.01348137 1.08832591 1.12778201]
 ...
 [0.84942279 0.94364311 0.93192993 ... 0.86854568 1.12005633 0.96062211]
 [1.10031864 0.9283908  1.03034595 ... 0.99854507 1.14678196 1.13960079]
 [0.95458323 1.07920173 1.0553066  ... 1.18580463 1.06198156 0.92260234]]","[[ 1.         -0.06316603  0.00732024 ... -0.09907088  0.09368174
   0.03821858]
 [-0.06316603  1.          0.61145594 ...  0.11798385  0.31283787
  -0.08852905]
 [ 0.00732024  0.61145594  1.         ...  0.22818831  0.24518724
  -0.15086283]
 ...
 [-0.09907088  0.11798385  0.22818831 ...  1.          0.08993535
  -0.12397657]
 [ 0.09368174  0.31283787  0.24518724 ...  0.08993535  1.
  -0.17499634]
 [ 0.03821858 -0.08852905 -0.15086283 ... -0.12397657 -0.17499634
   1.        ]]","[[ 1.          0.44719209 -0.04569605 ...  0.16724266  0.40189202
   0.30714752]
 [ 0.44719209  1.          0.38338507 ...  0.01130756 -0.59727511
  -0.21484326]
 [-0.04569605  0.38338507  1.         ...  0.05983897 -0.11226157
  -0.41893336]
 ...
 [ 0.16724266  0.01130756  0.05983897 ...  1.          0.16257194
  -0.03791517]
 [ 0.40189202 -0.59727511 -0.11226157 ...  0.16257194  1.
  -0.35778722]
 [ 0.30714752 -0.21484326 -0.41893336 ... -0.03791517 -0.35778722
   1.        ]]","[[ 0.         -0.06325024  0.00732037 ... -0.09939693  0.09395725
   0.03823721]
 [-0.06325024  0.          0.7112434  ...  0.11853592  0.32368807
  -0.08876142]
 [ 0.00732037  0.7112434   0.         ...  0.23227742  0.25028574
  -0.15202324]
 ...
 [-0.09939693  0.11853592  0.23227742 ...  0.          0.09017901
  -0.12461767]
 [ 0.09395725  0.32368807  0.25028574 ...  0.09017901  0.
  -0.17681625]
 [ 0.03823721 -0.08876142 -0.15202324 ... -0.12461767 -0.17681625
   0.        ]]","[[ 0.          0.48118494 -0.0457279  ...  0.16882863  0.42590337
   0.31739273]
 [ 0.48118494  0.          0.404022   ...  0.01130804 -0.68890037
  -0.21824349]
 [-0.0457279   0.404022    0.         ...  0.05991054 -0.11273676
  -0.44639763]
 ...
 [ 0.16882863  0.01130804  0.05991054 ...  0.          0.16402733
  -0.03793335]
 [ 0.42590337 -0.68890037 -0.11273676 ...  0.16402733  0.
  -0.37434596]
 [ 0.31739273 -0.21824349 -0.44639763 ... -0.03793335 -0.37434596
   0.        ]]"
M,"[[1.07330185 1.28085268 1.20698586 ... 0.83905414 1.23760355 1.04819947]
 [1.07120302 1.14908178 1.15130427 ... 1.10470783 1.17727091 1.01865144]
 [1.17689534 1.32021028 1.21156522 ... 1.069681   1.13131887 1.13097867]
 ...
 [0.98262556 0.92575339 0.94203862 ... 0.9992857  0.82418307 1.03854038]
 [1.02865108 1.0862346  0.96856575 ... 1.06165242 1.04009542 1.01281445]
 [1.08989041 1.01777651 1.06966013 ... 0.97121226 1.02288947 1.09893884]]","[[ 1.          0.18046759  0.19960892 ...  0.01459606  0.13878655
   0.03422428]
 [ 0.18046759  1.          0.58917338 ...  0.17785185  0.33430547
   0.08234185]
 [ 0.19960892  0.58917338  1.         ...  0.30481269  0.39468765
   0.01325656]
 ...
 [ 0.01459606  0.17785185  0.30481269 ...  1.          0.17402916
  -0.01288284]
 [ 0.13878655  0.33430547  0.39468765 ...  0.17402916  1.
   0.18710596]
 [ 0.03422428  0.08234185  0.01325656 ... -0.01288284  0.18710596
   1.        ]]","[[ 1.         -0.32141976  0.05107627 ...  0.35744497 -0.23823843
  -0.1107812 ]
 [-0.32141976  1.         -0.06006095 ...  0.54186418 -0.70551404
   0.01839464]
 [ 0.05107627 -0.06006095  1.         ...  0.64230259 -0.36652978
   0.03158749]
 ...
 [ 0.35744497  0.54186418  0.64230259 ...  1.          0.6660188
   0.31897106]
 [-0.23823843 -0.70551404 -0.36652978 ...  0.6660188   1.
   0.2684145 ]
 [-0.1107812   0.01839464  0.03158749 ...  0.31897106  0.2684145
   1.        ]]","[[ 0.          0.18246598  0.20232521 ...  0.0145971   0.13968808
   0.03423765]
 [ 0.18246598  0.          0.67639901 ...  0.17976349  0.34766764
   0.0825287 ]
 [ 0.20232521  0.67639901  0.         ...  0.31481673  0.41734058
   0.01325734]
 ...
 [ 0.0145971   0.17976349  0.31481673 ...  0.          0.17581869
  -0.01288355]
 [ 0.13968808  0.34766764  0.41734058 ...  0.17581869  0.
   0.18933644]
 [ 0.03423765  0.0825287   0.01325734 ... -0.01288355  0.18933644
   0.        ]]","[[ 0.         -0.33322964  0.05112075 ...  0.37395353 -0.24290571
  -0.11123775]
 [-0.33322964  0.         -0.06013332 ...  0.60679089 -0.87819526
   0.01839671]
 [ 0.05112075 -0.06013332  0.         ...  0.76208358 -0.38440841
   0.031598  ]
 ...
 [ 0.37395353  0.60679089  0.76208358 ...  0.          0.80355369
   0.33050121]
 [-0.24290571 -0.87819526 -0.38440841 ...  0.80355369  0.
   0.27515444]
 [-0.11123775  0.01839671  0.031598   ...  0.33050121  0.27515444
   0.        ]]"
M,"[[1.01707711 1.30944534 1.30246979 ... 1.01278596 1.08298949 1.10697241]
 [0.89531925 1.32437336 1.1758721  ... 1.0071684  1.07705602 1.17328265]
 [1.06419889 1.37922131 1.18960009 ... 1.05597735 1.22392405 1.19927545]
 ...
 [0.94665712 1.17080851 0.89653458 ... 0.90383331 1.22420406 1.3273473 ]
 [0.98461321 1.04587715 0.94101849 ... 0.98183634 0.90105525 0.93998445]
 [0.94408749 1.13992824 0.92999122 ... 0.99715736 0.97526675 0.99245379]]","[[ 1.00000000e+00  2.51803320e-02  9.44800399e-02 ...  5.88183228e-02
  -1.46210149e-01  1.83838652e-04]
 [ 2.51803320e-02  1.00000000e+00  6.20151452e-01 ...  2.06130768e-01
   3.99723386e-01  9.95175574e-02]
 [ 9.44800399e-02  6.20151452e-01  1.00000000e+00 ...  2.71238143e-01
   2.36817163e-01  3.43116131e-02]
 ...
 [ 5.88183228e-02  2.06130768e-01  2.71238143e-01 ...  1.00000000e+00
   2.62147060e-01 -3.85044637e-02]
 [-1.46210149e-01  3.99723386e-01  2.36817163e-01 ...  2.62147060e-01
   1.00000000e+00  1.52477682e-01]
 [ 1.83838652e-04  9.95175574e-02  3.43116131e-02 ... -3.85044637e-02
   1.52477682e-01  1.00000000e+00]]","[[ 1.          0.31630112 -0.53467036 ... -0.41625345 -0.49572143
  -0.46622314]
 [ 0.31630112  1.          0.7146502  ...  0.60869962  0.62197604
   0.7366651 ]
 [-0.53467036  0.7146502   1.         ... -0.91903968 -0.55434949
  -0.94606664]
 ...
 [-0.41625345  0.60869962 -0.91903968 ...  1.         -0.49803394
  -0.92530161]
 [-0.49572143  0.62197604 -0.55434949 ... -0.49803394  1.
  -0.50614215]
 [-0.46622314  0.7366651  -0.94606664 ... -0.92530161 -0.50614215
   1.        ]]","[[ 0.00000000e+00  2.51856559e-02  9.47626799e-02 ...  5.88862931e-02
  -1.47265585e-01  1.83838654e-04]
 [ 2.51856559e-02  0.00000000e+00  7.25251148e-01 ...  2.09127025e-01
   4.23319671e-01  9.98480557e-02]
 [ 9.47626799e-02  7.25251148e-01  0.00000000e+00 ...  2.78199806e-01
   2.41399461e-01  3.43250875e-02]
 ...
 [ 5.88862931e-02  2.09127025e-01  2.78199806e-01 ...  0.00000000e+00
   2.68412514e-01 -3.85235095e-02]
 [-1.47265585e-01  4.23319671e-01  2.41399461e-01 ...  2.68412514e-01
   0.00000000e+00  1.53676118e-01]
 [ 1.83838654e-04  9.98480557e-02  3.43250875e-02 ... -3.85235095e-02
   1.53676118e-01  0.00000000e+00]]","[[ 0.          0.32753166 -0.59666241 ... -0.44315167 -0.54361755
  -0.5052336 ]
 [ 0.32753166  0.          0.89662429 ...  0.70685296  0.72822143
   0.94314768]
 [-0.59666241  0.89662429  0.         ... -1.58281053 -0.62463868
  -1.79290811]
 ...
 [-0.44315167  0.70685296 -1.58281053 ...  0.         -0.54668815
  -1.62468968]
 [-0.54361755  0.72822143 -0.62463868 ... -0.54668815  0.
  -0.55752954]
 [-0.5052336   0.94314768 -1.79290811 ... -1.62468968 -0.55752954
   0.        ]]"
M,"[[1.04413216 1.3254031  1.51994751 ... 0.98533694 0.9043049  0.97251714]
 [0.97330763 1.24533509 1.16233248 ... 1.1207114  1.15902036 1.14978278]
 [0.97075072 1.27927976 1.40088091 ... 0.99559602 0.88252187 1.10035853]
 ...
 [0.96962845 1.17574901 1.14668015 ... 1.04635526 1.0350142  1.04999482]
 [0.82844361 0.95288623 1.02067249 ... 0.87197507 0.9742127  1.09804592]
 [1.07465465 1.04885734 1.08227967 ... 1.05332316 0.99369143 0.88349753]]","[[ 1.         -0.03505374 -0.0757543  ... -0.05923802 -0.05287886
  -0.07622557]
 [-0.03505374  1.          0.65316965 ...  0.09272294  0.37766977
   0.05005451]
 [-0.0757543   0.65316965  1.         ... -0.11117381  0.34602212
   0.08754374]
 ...
 [-0.05923802  0.09272294 -0.11117381 ...  1.          0.01851425
  -0.10921576]
 [-0.05287886  0.37766977  0.34602212 ...  0.01851425  1.
   0.163187  ]
 [-0.07622557  0.05005451  0.08754374 ... -0.10921576  0.163187
   1.        ]]","[[ 1.          0.57071113  0.35307868 ... -0.55334705  0.34863662
  -0.61574753]
 [ 0.57071113  1.         -0.59443121 ...  0.44677701 -0.21907115
   0.64875477]
 [ 0.35307868 -0.59443121  1.         ...  0.1378538  -0.15978629
   0.75651655]
 ...
 [-0.55334705  0.44677701  0.1378538  ...  1.          0.01840298
  -0.25636458]
 [ 0.34863662 -0.21907115 -0.15978629 ...  0.01840298  1.
   0.46024962]
 [-0.61574753  0.64875477  0.75651655 ... -0.25636458  0.46024962
   1.        ]]","[[ 0.         -0.0350681  -0.07589971 ... -0.05930746 -0.05292823
  -0.07637372]
 [-0.0350681   0.          0.78080699 ...  0.09299005  0.39733895
   0.05009638]
 [-0.07589971  0.78080699  0.         ... -0.11163525  0.36091771
   0.08776841]
 ...
 [-0.05930746  0.09299005 -0.11163525 ...  0.          0.01851636
  -0.10965314]
 [-0.05292823  0.39733895  0.36091771 ...  0.01851636  0.
   0.16465915]
 [-0.07637372  0.05009638  0.08776841 ... -0.10965314  0.16465915
   0.        ]]","[[ 0.          0.64857685  0.36895655 ... -0.62319269  0.36389088
  -0.71812658]
 [ 0.64857685  0.         -0.68449092 ...  0.48066623 -0.22268022
   0.77314548]
 [ 0.36895655 -0.68449092  0.         ...  0.13873713 -0.16116738
   0.98801945]
 ...
 [-0.62319269  0.48066623  0.13873713 ...  0.          0.01840506
  -0.26221335]
 [ 0.36389088 -0.22268022 -0.16116738 ...  0.01840506  0.
   0.49762795]
 [-0.71812658  0.77314548  0.98801945 ... -0.26221335  0.49762795
   0.        ]]"
M,"[[1.11426256 1.28427122 1.30564738 ... 1.09935863 1.11490025 1.05301986]
 [1.05179711 1.43399635 1.04497017 ... 1.07664733 1.07568645 1.03631937]
 [1.02259608 1.34678209 1.19190583 ... 1.07312626 1.24932232 1.07512088]
 ...
 [0.96999827 0.99934407 0.93279402 ... 0.98926278 1.08236532 1.0152442 ]
 [0.93741329 1.05559984 1.02702717 ... 1.04322216 1.10174344 0.97247089]
 [0.92903344 0.93119115 0.89606923 ... 1.02691581 1.01765794 0.94805638]]","[[ 1.         -0.01530744  0.05847636 ...  0.08930637  0.02130171
  -0.11859051]
 [-0.01530744  1.          0.66622147 ...  0.11060216  0.4728072
   0.08659512]
 [ 0.05847636  0.66622147  1.         ...  0.15466576  0.44665929
   0.15075108]
 ...
 [ 0.08930637  0.11060216  0.15466576 ...  1.          0.11224154
  -0.18611575]
 [ 0.02130171  0.4728072   0.44665929 ...  0.11224154  1.
   0.03219617]
 [-0.11859051  0.08659512  0.15075108 ... -0.18611575  0.03219617
   1.        ]]","[[ 1.         -0.02023197  0.13392872 ... -0.37179508 -0.67522482
   0.19473092]
 [-0.02023197  1.          0.88915917 ...  0.61820688  0.25098575
   0.10920042]
 [ 0.13392872  0.88915917  1.         ... -0.6669471  -0.15996711
   0.05401   ]
 ...
 [-0.37179508  0.61820688 -0.6669471  ...  1.         -0.37155212
   0.38272581]
 [-0.67522482  0.25098575 -0.15996711 ... -0.37155212  1.
   0.07943096]
 [ 0.19473092  0.10920042  0.05401    ...  0.38272581  0.07943096
   1.        ]]","[[ 0.         -0.01530864  0.05854315 ...  0.08954494  0.02130494
  -0.11915119]
 [-0.01530864  0.          0.80391803 ...  0.1110565   0.5136796
   0.08681255]
 [ 0.05854315  0.80391803  0.         ...  0.15591704  0.48051916
   0.1519089 ]
 ...
 [ 0.08954494  0.1110565   0.15591704 ...  0.          0.11271649
  -0.18831051]
 [ 0.02130494  0.5136796   0.48051916 ...  0.11271649  0.
   0.0322073 ]
 [-0.11915119  0.08681255  0.1519089  ... -0.18831051  0.0322073
   0.        ]]","[[ 0.         -0.02023473  0.13473821 ... -0.39050451 -0.82028473
   0.19724989]
 [-0.02023473  0.          1.41789594 ...  0.72209753  0.25646456
   0.10963762]
 [ 0.13473821  1.41789594  0.         ... -0.80522391 -0.16135294
   0.05406261]
 ...
 [-0.39050451  0.72209753 -0.80522391 ...  0.         -0.39022261
   0.40324937]
 [-0.82028473  0.25646456 -0.16135294 ... -0.39022261  0.
   0.07959865]
 [ 0.19724989  0.10963762  0.05406261 ...  0.40324937  0.07959865
   0.        ]]"
M,"[[0.84980935 1.49580942 1.28895392 ... 1.01507092 1.14060274 1.12157611]
 [0.99154085 1.34473787 1.39212352 ... 1.07655925 1.12892836 0.84932735]
 [0.98710137 1.44130791 1.32714316 ... 1.15676514 1.02648871 0.99589548]
 ...
 [1.07366874 0.94864995 1.20036829 ... 0.95594134 0.97283471 0.8936918 ]
 [1.07471321 1.08522242 1.03528903 ... 0.92472406 0.96029507 1.19431957]
 [0.87368214 0.93352458 0.98561453 ... 1.07949776 1.07853629 1.07064334]]","[[ 1.          0.08459645 -0.04060019 ...  0.0626238   0.20675656
   0.14709409]
 [ 0.08459645  1.          0.60314893 ...  0.1090582   0.20744408
   0.11342031]
 [-0.04060019  0.60314893  1.         ...  0.20515937  0.18334315
   0.07128789]
 ...
 [ 0.0626238   0.1090582   0.20515937 ...  1.          0.10382141
  -0.06478833]
 [ 0.20675656  0.20744408  0.18334315 ...  0.10382141  1.
   0.10129261]
 [ 0.14709409  0.11342031  0.07128789 ... -0.06478833  0.10129261
   1.        ]]","[[ 1.         -0.77086998  0.85351808 ... -0.87364316  0.86202315
  -0.83474357]
 [-0.77086998  1.          0.80024701 ... -0.81497099  0.83955151
  -0.89283206]
 [ 0.85351808  0.80024701  1.         ...  0.85850411 -0.93398573
   0.90235976]
 ...
 [-0.87364316 -0.81497099  0.85850411 ...  1.          0.8721459
  -0.81454403]
 [ 0.86202315  0.83955151 -0.93398573 ...  0.8721459   1.
   0.91827069]
 [-0.83474357 -0.89283206  0.90235976 ... -0.81454403  0.91827069
   1.        ]]","[[ 0.          0.08479912 -0.04062252 ...  0.06270586  0.20978068
   0.14816896]
 [ 0.08479912  0.          0.69808199 ...  0.10949368  0.210499
   0.11391045]
 [-0.04062252  0.69808199  0.         ...  0.20811273  0.18543994
   0.07140902]
 ...
 [ 0.06270586  0.10949368  0.20811273 ...  0.          0.10419687
  -0.06487921]
 [ 0.20978068  0.210499    0.18543994 ...  0.10419687  0.
   0.10164119]
 [ 0.14816896  0.11391045  0.07140902 ... -0.06487921  0.10164119
   0.        ]]","[[ 0.         -1.0224683   1.2689694  ... -1.34826502  1.30116651
  -1.2035808 ]
 [-1.0224683   0.          1.09929881 ... -1.14165606  1.21965207
  -1.43571615]
 [ 1.2689694   1.09929881  0.         ...  1.28762825 -1.68873367
   1.48478034]
 ...
 [-1.34826502 -1.14165606  1.28762825 ...  0.          1.34197543
  -1.140386  ]
 [ 1.30116651  1.21965207 -1.68873367 ...  1.34197543  0.
   1.57788333]
 [-1.2035808  -1.43571615  1.48478034 ... -1.140386    1.57788333
   0.        ]]"
M,"[[1.10400783 1.49158533 1.36773896 ... 1.01689937 1.23494195 0.99130549]
 [1.08245306 1.29766121 1.24651066 ... 0.95206128 0.98280138 1.03918281]
 [1.02644058 1.38146509 1.35361628 ... 1.10388646 1.16253201 1.08756331]
 ...
 [1.20255198 1.04850735 0.98396984 ... 1.12219146 1.07662948 1.1087901 ]
 [0.89017799 0.871789   1.06569177 ... 1.16406295 1.07375131 1.1142674 ]
 [0.99676827 0.83931912 1.02859803 ... 0.98094148 1.09717651 0.89389402]]","[[ 1.          0.00808318  0.05968119 ... -0.02421813  0.17603715
   0.10611283]
 [ 0.00808318  1.          0.62164259 ...  0.25252641  0.34345348
   0.19080647]
 [ 0.05968119  0.62164259  1.         ...  0.13685492  0.3970737
   0.36081304]
 ...
 [-0.02421813  0.25252641  0.13685492 ...  1.          0.03686697
   0.05116403]
 [ 0.17603715  0.34345348  0.3970737  ...  0.03686697  1.
   0.16631524]
 [ 0.10611283  0.19080647  0.36081304 ...  0.05116403  0.16631524
   1.        ]]","[[ 1.          0.54192175  0.6251979  ... -0.9843165   0.94782602
   0.58129966]
 [ 0.54192175  1.         -0.83396146 ...  0.51460527 -0.63229814
  -0.06656857]
 [ 0.6251979  -0.83396146  1.         ...  0.57707314 -0.65883084
  -0.00874091]
 ...
 [-0.9843165   0.51460527  0.57707314 ...  1.          0.94239343
   0.62030009]
 [ 0.94782602 -0.63229814 -0.65883084 ...  0.94239343  1.
  -0.47913763]
 [ 0.58129966 -0.06656857 -0.00874091 ...  0.62030009 -0.47913763
   1.        ]]","[[ 0.          0.00808336  0.0597522  ... -0.02422287  0.17789014
   0.10651382]
 [ 0.00808336  0.          0.72767779 ...  0.25810947  0.35800262
   0.19317397]
 [ 0.0597522   0.72767779  0.         ...  0.13771905  0.42017008
   0.37782032]
 ...
 [-0.02422287  0.25810947  0.13771905 ...  0.          0.03688369
   0.05120874]
 [ 0.17789014  0.35800262  0.42017008 ...  0.03688369  0.
   0.16787467]
 [ 0.10651382  0.19317397  0.37782032 ...  0.05120874  0.16787467
   0.        ]]","[[ 0.          0.60687239  0.73349336 ... -2.42021035  1.8099426
   0.66442343]
 [ 0.60687239  0.         -1.20100685 ...  0.56897385 -0.74523588
  -0.06666716]
 [ 0.73349336 -1.20100685  0.         ...  0.65806336 -0.79074495
  -0.00874114]
 ...
 [-2.42021035  0.56897385  0.65806336 ...  0.          1.75901981
   0.72549271]
 [ 1.8099426  -0.74523588 -0.79074495 ...  1.75901981  0.
  -0.52186434]
 [ 0.66442343 -0.06666716 -0.00874114 ...  0.72549271 -0.52186434
   0.        ]]"
M,"[[0.93799201 1.44709257 1.46006627 ... 0.97524843 1.12478653 0.99329996]
 [1.03138266 1.2742866  1.05829264 ... 0.93300637 1.17059591 1.0651829 ]
 [1.08177028 1.44914394 1.40966996 ... 0.97717382 1.10153954 1.09193622]
 ...
 [0.94042616 0.89849538 0.90509812 ... 1.00801694 0.80357536 1.20817145]
 [0.94297642 0.85859672 0.97684457 ... 0.81443929 1.0435044  0.85082695]
 [0.85837457 0.90688957 1.05429289 ... 0.97986529 1.1118214  1.04144681]]","[[ 1.         -0.03921575 -0.1132093  ...  0.0048192   0.10300733
  -0.22936029]
 [-0.03921575  1.          0.73948029 ...  0.05951235  0.41479194
   0.18812418]
 [-0.1132093   0.73948029  1.         ...  0.05461649  0.4824655
   0.09077941]
 ...
 [ 0.0048192   0.05951235  0.05461649 ...  1.         -0.04624492
   0.1662271 ]
 [ 0.10300733  0.41479194  0.4824655  ... -0.04624492  1.
   0.0773399 ]
 [-0.22936029  0.18812418  0.09077941 ...  0.1662271   0.0773399
   1.        ]]","[[ 1.         -0.57363755 -0.68671362 ... -0.88170468 -0.77772477
  -0.62142826]
 [-0.57363755  1.         -0.29704006 ... -0.61479117 -0.77606158
  -0.19268292]
 [-0.68671362 -0.29704006  1.         ... -0.68173679 -0.51111629
  -0.61634382]
 ...
 [-0.88170468 -0.61479117 -0.68173679 ...  1.         -0.85743127
  -0.44107519]
 [-0.77772477 -0.77606158 -0.51111629 ... -0.85743127  1.
  -0.41400522]
 [-0.62142826 -0.19268292 -0.61634382 ... -0.44107519 -0.41400522
   1.        ]]","[[ 0.         -0.03923587 -0.1136967  ...  0.00481924  0.10337398
  -0.23351413]
 [-0.03923587  0.          0.94933158 ...  0.05958276  0.44138516
   0.19039181]
 [-0.1136967   0.94933158  0.         ...  0.0546709   0.52619283
   0.09103002]
 ...
 [ 0.00481924  0.05958276  0.0546709  ...  0.         -0.04627793
   0.16778403]
 [ 0.10337398  0.44138516  0.52619283 ... -0.04627793  0.
   0.07749466]
 [-0.23351413  0.19039181  0.09103002 ...  0.16778403  0.07749466
   0.        ]]","[[ 0.         -0.65292766 -0.84170979 ... -1.38337459 -1.0395866
  -0.72732855]
 [-0.65292766  0.         -0.30627008 ... -0.71658766 -1.03539124
  -0.19512205]
 [-0.84170979 -0.30627008  0.         ... -0.8323518  -0.56423964
  -0.7190876 ]
 ...
 [-1.38337459 -0.71658766 -0.8323518  ...  0.         -1.2835628
  -0.4735649 ]
 [-1.0395866  -1.03539124 -0.56423964 ... -1.2835628   0.
  -0.44043532]
 [-0.72732855 -0.19512205 -0.7190876  ... -0.4735649  -0.44043532
   0.        ]]"
M,"[[0.97715591 1.37328885 1.13806944 ... 1.18951955 1.081946   1.10142834]
 [1.02669909 1.42638942 1.16152745 ... 1.04257944 1.02970721 0.93634084]
 [1.17584622 1.36023853 1.30731137 ... 1.15973078 1.20642018 0.98501802]
 ...
 [1.09843473 1.02207016 1.04831296 ... 1.06569663 1.05031159 1.04616813]
 [0.86085192 0.95555908 1.0537588  ... 0.9798159  1.08371886 0.96091467]
 [1.01261194 0.93207992 0.93086654 ... 0.85839965 0.69289852 0.86131483]]","[[ 1.         -0.06864546  0.06933625 ...  0.09560831 -0.0074735
  -0.11380219]
 [-0.06864546  1.          0.67793194 ...  0.15541333  0.44219895
   0.27971825]
 [ 0.06933625  0.67793194  1.         ...  0.11843754  0.29659038
   0.22211055]
 ...
 [ 0.09560831  0.15541333  0.11843754 ...  1.          0.23033243
   0.11785502]
 [-0.0074735   0.44219895  0.29659038 ...  0.23033243  1.
   0.15823882]
 [-0.11380219  0.27971825  0.22211055 ...  0.11785502  0.15823882
   1.        ]]","[[ 1.         -0.60240556  0.63407455 ...  0.68974353  0.41223171
  -0.12688663]
 [-0.60240556  1.          0.76409995 ...  0.77102722  0.72316101
   0.55775186]
 [ 0.63407455  0.76409995  1.         ... -0.56016175 -0.80795105
  -0.29520193]
 ...
 [ 0.68974353  0.77102722 -0.56016175 ...  1.         -0.4396532
  -0.30836181]
 [ 0.41223171  0.72316101 -0.80795105 ... -0.4396532   1.
  -0.40329919]
 [-0.12688663  0.55775186 -0.29520193 ... -0.30836181 -0.40329919
   1.        ]]","[[ 0.         -0.06875359  0.06944768 ...  0.09590124 -0.00747363
  -0.11429732]
 [-0.06875359  0.          0.82527721 ...  0.15668303  0.47496096
   0.28737638]
 [ 0.06944768  0.82527721  0.         ...  0.11899604  0.30577696
   0.22587509]
 ...
 [ 0.09590124  0.15668303  0.11899604 ...  0.          0.23454049
   0.11840528]
 [-0.00747363  0.47496096  0.30577696 ...  0.23454049  0.
   0.15957976]
 [-0.11429732  0.28737638  0.22587509 ...  0.11840528  0.15957976
   0.        ]]","[[ 0.         -0.69691439  0.74820114 ...  0.84746638  0.43829684
  -0.12757425]
 [-0.69691439  0.          1.00599384 ...  1.02285593  0.91423981
   0.62956391]
 [ 0.74820114  1.00599384  0.         ... -0.63306886 -1.12109958
  -0.30425528]
 ...
 [ 0.84746638  1.02285593 -0.63306886 ...  0.         -0.47180083
  -0.31873407]
 [ 0.43829684  0.91423981 -1.12109958 ... -0.47180083  0.
  -0.42758274]
 [-0.12757425  0.62956391 -0.30425528 ... -0.31873407 -0.42758274
   0.        ]]"
M,"[[1.17318266 1.33295519 1.35442936 ... 1.00141255 0.98766667 1.08046672]
 [1.06411966 1.14721148 1.37055035 ... 0.87782257 1.0886591  1.05664976]
 [1.03557483 1.61108036 1.27030334 ... 0.9416351  1.20530704 1.09739865]
 ...
 [1.01913439 0.98671069 1.05393174 ... 0.96645327 1.00498216 0.91590129]
 [0.96949748 1.04008312 0.84714026 ... 1.1165865  0.85021034 0.90319526]
 [1.01311749 0.97201556 0.95873199 ... 1.07728735 1.07683613 0.97102656]]","[[ 1.          0.12691733  0.15003333 ... -0.21568741  0.02394586
   0.1434976 ]
 [ 0.12691733  1.          0.56267941 ...  0.18577057  0.37860554
   0.10314939]
 [ 0.15003333  0.56267941  1.         ...  0.15434303  0.36075905
   0.19765323]
 ...
 [-0.21568741  0.18577057  0.15434303 ...  1.         -0.0571758
   0.00448143]
 [ 0.02394586  0.37860554  0.36075905 ... -0.0571758   1.
   0.04424044]
 [ 0.1434976   0.10314939  0.19765323 ...  0.00448143  0.04424044
   1.        ]]","[[ 1.          0.7770199   0.18361584 ...  0.44761262 -0.73528731
  -0.76151527]
 [ 0.7770199   1.         -0.12646581 ... -0.36257059  0.54687301
   0.6763681 ]
 [ 0.18361584 -0.12646581  1.         ... -0.21607723  0.06402682
   0.11371295]
 ...
 [ 0.44761262 -0.36257059 -0.21607723 ...  1.          0.27508994
   0.48432527]
 [-0.73528731  0.54687301  0.06402682 ...  0.27508994  1.
  -0.81819691]
 [-0.76151527  0.6763681   0.11371295 ...  0.48432527 -0.81819691
   1.        ]]","[[ 0.          0.12760545  0.15117454 ... -0.21912866  0.02395044
   0.1444949 ]
 [ 0.12760545  0.          0.63674533 ...  0.18795296  0.39843085
   0.10351757]
 [ 0.15117454  0.63674533  0.         ...  0.15558642  0.37775824
   0.20028919]
 ...
 [-0.21912866  0.18795296  0.15558642 ...  0.         -0.05723823
   0.00448146]
 [ 0.02395044  0.39843085  0.37775824 ... -0.05723823  0.
   0.04426934]
 [ 0.1444949   0.10351757  0.20028919 ...  0.00448146  0.04426934
   0.        ]]","[[ 0.          1.03780524  0.18572214 ...  0.48171072 -0.94014161
  -0.99981219]
 [ 1.03780524  0.         -0.12714657 ... -0.3798424   0.61390917
   0.82238906]
 [ 0.18572214 -0.12714657  0.         ... -0.21953754  0.06411453
   0.11420691]
 ...
 [ 0.48171072 -0.3798424  -0.21953754 ...  0.          0.2823622
   0.52861969]
 [-0.94014161  0.61390917  0.06411453 ...  0.2823622   0.
  -1.15133821]
 [-0.99981219  0.82238906  0.11420691 ...  0.52861969 -1.15133821
   0.        ]]"
M,"[[0.88481318 1.30835151 1.31931977 ... 1.09137127 1.07422198 1.07872768]
 [1.00922693 1.31229741 1.17710448 ... 0.98764843 1.17636137 1.01085952]
 [1.05240269 1.13018519 1.104172   ... 0.91725237 1.09076148 0.97594138]
 ...
 [1.09284573 0.90095769 0.8909648  ... 0.99729824 0.98905313 0.99761562]
 [0.99881664 1.02983966 0.94452741 ... 1.02384337 1.14352316 0.8643507 ]
 [1.15191266 1.16524743 1.07706076 ... 1.05573283 1.13861774 0.93436796]]","[[ 1.          0.05610846  0.05257886 ...  0.09044243  0.03625299
  -0.15528059]
 [ 0.05610846  1.          0.73201495 ...  0.02213208  0.47047843
   0.31064776]
 [ 0.05257886  0.73201495  1.         ...  0.05526143  0.31786891
   0.27552651]
 ...
 [ 0.09044243  0.02213208  0.05526143 ...  1.          0.14503179
  -0.15710247]
 [ 0.03625299  0.47047843  0.31786891 ...  0.14503179  1.
   0.23516594]
 [-0.15528059  0.31064776  0.27552651 ... -0.15710247  0.23516594
   1.        ]]","[[ 1.         -0.51959575 -0.69107345 ...  0.70414373 -0.15410176
  -0.08497227]
 [-0.51959575  1.         -0.30517555 ...  0.62659016 -0.36185396
   0.54047281]
 [-0.69107345 -0.30517555  1.         ...  0.6855258  -0.32359013
  -0.23956244]
 ...
 [ 0.70414373  0.62659016  0.6855258  ...  1.          0.56737015
  -0.37271445]
 [-0.15410176 -0.36185396 -0.32359013 ...  0.56737015  1.
   0.62144341]
 [-0.08497227  0.54047281 -0.23956244 ... -0.37271445  0.62144341
   1.        ]]","[[ 0.          0.05616745  0.05262739 ...  0.09069025  0.03626889
  -0.15654701]
 [ 0.05616745  0.          0.93305477 ...  0.02213569  0.51068459
   0.3212622 ]
 [ 0.05262739  0.93305477  0.         ...  0.05531778  0.3292747
   0.28283457]
 ...
 [ 0.09069025  0.02213569  0.05531778 ...  0.          0.1460617
  -0.15841445]
 [ 0.03626889  0.51068459  0.3292747  ...  0.1460617   0.
   0.23965085]
 [-0.15654701  0.3212622   0.28283457 ... -0.15841445  0.23965085
   0.        ]]","[[ 0.         -0.57578585 -0.85000762 ...  0.87547214 -0.15533928
  -0.08517767]
 [-0.57578585  0.         -0.31521681 ...  0.7357823  -0.37901755
   0.60482328]
 [-0.85000762 -0.31521681  0.         ...  0.8394654  -0.33565196
  -0.24430986]
 ...
 [ 0.87547214  0.7357823   0.8394654  ...  0.          0.64363595
  -0.39157177]
 [-0.15533928 -0.37901755 -0.33565196 ...  0.64363595  0.
   0.72735322]
 [-0.08517767  0.60482328 -0.24430986 ... -0.39157177  0.72735322
   0.        ]]"
M,"[[1.11960603 1.35726412 1.31126535 ... 0.93437464 0.93086396 1.14354381]
 [1.06535434 1.49490686 1.28933947 ... 1.02614158 0.90294715 1.33319311]
 [1.15245939 1.21505377 1.14572981 ... 0.94636025 1.08947666 0.87060229]
 ...
 [1.15701593 1.04122267 0.99138135 ... 0.95834978 1.02737902 1.22374327]
 [1.02101915 0.76846004 1.11536225 ... 1.22244541 0.97398631 0.88896987]
 [1.02622712 1.13344947 1.13749343 ... 0.94001545 1.03928831 1.01145559]]","[[ 1.         -0.03156088  0.02773949 ...  0.01144841 -0.13548355
  -0.05368157]
 [-0.03156088  1.          0.65236723 ... -0.16153504  0.46612661
   0.29231835]
 [ 0.02773949  0.65236723  1.         ...  0.00238509  0.3822147
   0.25135595]
 ...
 [ 0.01144841 -0.16153504  0.00238509 ...  1.         -0.02190127
  -0.15884398]
 [-0.13548355  0.46612661  0.3822147  ... -0.02190127  1.
   0.07114509]
 [-0.05368157  0.29231835  0.25135595 ... -0.15884398  0.07114509
   1.        ]]","[[ 1.         -0.04422659  0.20456103 ...  0.46669162 -0.19605234
   0.3138654 ]
 [-0.04422659  1.          0.39350691 ...  0.29361633  0.40510283
   0.21436804]
 [ 0.20456103  0.39350691  1.         ... -0.66881241 -0.41435446
  -0.78871646]
 ...
 [ 0.46669162  0.29361633 -0.66881241 ...  1.         -0.10245758
  -0.69318739]
 [-0.19605234  0.40510283 -0.41435446 ... -0.10245758  1.
  -0.15433354]
 [ 0.3138654   0.21436804 -0.78871646 ... -0.69318739 -0.15433354
   1.        ]]","[[ 0.         -0.03157136  0.02774661 ...  0.01144891 -0.13632177
  -0.05373322]
 [-0.03157136  0.          0.77940878 ... -0.16296247  0.50511027
   0.30109936]
 [ 0.02774661  0.77940878  0.         ...  0.0023851   0.40265069
   0.25685968]
 ...
 [ 0.01144891 -0.16296247  0.0023851  ...  0.         -0.02190478
  -0.16020052]
 [-0.13632177  0.50511027  0.40265069 ... -0.02190478  0.
   0.0712655 ]
 [-0.05373322  0.30109936  0.25685968 ... -0.16020052  0.0712655
   0.        ]]","[[ 0.         -0.04425546  0.20748819 ...  0.50583235 -0.19862376
   0.32482747]
 [-0.04425546  0.          0.41594273 ...  0.3025192   0.4297386
   0.21774532]
 [ 0.20748819  0.41594273  0.         ... -0.80859129 -0.44085689
  -1.06802628]
 ...
 [ 0.50583235  0.3025192  -0.80859129 ...  0.         -0.10281838
  -0.85406544]
 [-0.19862376  0.4297386  -0.44085689 ... -0.10281838  0.
  -0.15557671]
 [ 0.32482747  0.21774532 -1.06802628 ... -0.85406544 -0.15557671
   0.        ]]"
M,"[[0.91089409 1.25387109 1.13242051 ... 1.01085357 1.08494868 1.05768842]
 [1.112061   1.38090966 1.10229278 ... 0.81914075 1.09715264 1.0336592 ]
 [0.86533948 1.3101828  1.23172875 ... 1.24402894 1.07316693 1.03260378]
 ...
 [0.93914789 1.18297777 1.01337632 ... 0.88563059 1.0617121  1.0321809 ]
 [1.0304643  1.16455176 1.01293494 ... 1.05686903 1.03365801 0.94080424]
 [0.82497504 0.92580671 0.94921401 ... 0.94645707 0.86815474 1.10060205]]","[[ 1.         -0.0752452  -0.07121253 ... -0.20849834  0.02101321
  -0.02253602]
 [-0.0752452   1.          0.66544877 ...  0.0840906   0.36120224
   0.00316972]
 [-0.07121253  0.66544877  1.         ...  0.06279185  0.46691064
   0.03380173]
 ...
 [-0.20849834  0.0840906   0.06279185 ...  1.          0.07875657
  -0.13004955]
 [ 0.02101321  0.36120224  0.46691064 ...  0.07875657  1.
  -0.02310867]
 [-0.02253602  0.00316972  0.03380173 ... -0.13004955 -0.02310867
   1.        ]]","[[ 1.          0.27458248  0.38662313 ...  0.33709848 -0.16771401
   0.6398413 ]
 [ 0.27458248  1.         -0.02761495 ... -0.68344227  0.64549367
  -0.39954823]
 [ 0.38662313 -0.02761495  1.         ... -0.24520261 -0.0758948
  -0.63616104]
 ...
 [ 0.33709848 -0.68344227 -0.24520261 ...  1.          0.76105166
  -0.40480198]
 [-0.16771401  0.64549367 -0.0758948  ...  0.76105166  1.
  -0.05612597]
 [ 0.6398413  -0.39954823 -0.63616104 ... -0.40480198 -0.05612597
   1.        ]]","[[ 0.         -0.07538769 -0.07133328 ... -0.21160093  0.0210163
  -0.02253983]
 [-0.07538769  0.          0.80252993 ...  0.08428965  0.37826784
   0.00316973]
 [-0.07133328  0.80252993  0.         ...  0.06287457  0.5061124
   0.03381461]
 ...
 [-0.21160093  0.08428965  0.06287457 ...  0.          0.07892001
  -0.13079025]
 [ 0.0210163   0.37826784  0.5061124  ...  0.07892001  0.
  -0.02311279]
 [-0.02253983  0.00316973  0.03381461 ... -0.13079025 -0.02311279
   0.        ]]","[[ 0.          0.28181328  0.40782356 ...  0.3508154  -0.16931358
   0.75790499]
 [ 0.28181328  0.         -0.02762197 ... -0.83554515  0.76753475
  -0.42311123]
 [ 0.40782356 -0.02762197  0.         ... -0.25030209 -0.07604102
  -0.7516983 ]
 ...
 [ 0.3508154  -0.83554515 -0.25030209 ...  0.          0.99870954
  -0.42937874]
 [-0.16931358  0.76753475 -0.07604102 ...  0.99870954  0.
  -0.05618502]
 [ 0.75790499 -0.42311123 -0.7516983  ... -0.42937874 -0.05618502
   0.        ]]"
M,"[[1.01000814 1.46922396 1.3023927  ... 0.91473493 0.93863106 0.85398854]
 [1.11321933 1.28158735 1.2426033  ... 0.9020787  1.01377316 1.04221041]
 [0.84307754 1.25164476 1.19085943 ... 0.84612717 0.93404389 1.07784938]
 ...
 [1.10828971 0.8848107  1.06090065 ... 0.99012915 1.02603542 1.07101011]
 [0.78726143 1.19157537 1.06244697 ... 0.86725578 0.92544882 0.80888004]
 [1.07155842 1.19754429 1.01667648 ... 1.03252382 0.96331365 1.03680916]]","[[ 1.          0.01068737 -0.00164707 ...  0.27687544  0.15550251
   0.1871796 ]
 [ 0.01068737  1.          0.57847411 ...  0.11677012  0.29111287
   0.09956969]
 [-0.00164707  0.57847411  1.         ...  0.12282599  0.37403842
   0.14856885]
 ...
 [ 0.27687544  0.11677012  0.12282599 ...  1.          0.14578642
   0.18609874]
 [ 0.15550251  0.29111287  0.37403842 ...  0.14578642  1.
   0.17943099]
 [ 0.1871796   0.09956969  0.14856885 ...  0.18609874  0.17943099
   1.        ]]","[[ 1.          0.95488247  0.95282621 ...  0.93685747 -0.8392795
   0.90424293]
 [ 0.95488247  1.         -0.91440495 ... -0.8982382   0.81877475
  -0.83717946]
 [ 0.95282621 -0.91440495  1.         ... -0.88881504  0.89284239
  -0.93061325]
 ...
 [ 0.93685747 -0.8982382  -0.88881504 ...  1.          0.77122237
  -0.90212702]
 [-0.8392795   0.81877475  0.89284239 ...  0.77122237  1.
   0.77824885]
 [ 0.90424293 -0.83717946 -0.93061325 ... -0.90212702  0.77824885
   1.        ]]","[[ 0.          0.01068778 -0.00164707 ...  0.28429491  0.15677442
   0.18941276]
 [ 0.01068778  0.          0.66016635 ...  0.11730523  0.29978175
   0.09990071]
 [-0.00164707  0.66016635  0.         ...  0.1234493   0.39311022
   0.14967666]
 ...
 [ 0.28429491  0.11730523  0.1234493  ...  0.          0.14683263
   0.18829288]
 [ 0.15677442  0.29978175  0.39311022 ...  0.14683263  0.
   0.18139469]
 [ 0.18941276  0.09990071  0.14967666 ...  0.18829288  0.18139469
   0.        ]]","[[ 0.          1.88440722  1.86159729 ...  1.71171377 -1.21873117
   1.49501266]
 [ 1.88440722  0.         -1.55376731 ... -1.46302334  1.15308881
  -1.21166907]
 [ 1.86159729 -1.55376731  0.         ... -1.41625493  1.43576709
  -1.66294856]
 ...
 [ 1.71171377 -1.46302334 -1.41625493 ...  0.          1.02333736
  -1.48352873]
 [-1.21873117  1.15308881  1.43576709 ...  1.02333736  0.
   1.04091429]
 [ 1.49501266 -1.21166907 -1.66294856 ... -1.48352873  1.04091429
   0.        ]]"
M,"[[0.93715905 1.21160953 1.28004249 ... 1.10550431 1.04668705 1.01236449]
 [1.03186379 1.34675129 1.35623243 ... 1.09113977 1.21693153 1.10098327]
 [1.21748763 1.47656582 1.39948767 ... 0.88999899 0.78254289 0.94181161]
 ...
 [0.98953239 0.96758344 0.92372953 ... 1.05027987 1.0923269  0.87690207]
 [0.82076955 0.87600939 1.1027851  ... 1.16546259 0.96787052 0.95866018]
 [1.02302699 1.04087017 1.15487139 ... 0.98405136 0.76329459 1.05450084]]","[[ 1.          0.0992496  -0.10395787 ... -0.06152562  0.05916759
  -0.0297056 ]
 [ 0.0992496   1.          0.64710754 ...  0.13778206  0.23554995
   0.2292568 ]
 [-0.10395787  0.64710754  1.         ...  0.17176643  0.16207847
   0.23806841]
 ...
 [-0.06152562  0.13778206  0.17176643 ...  1.         -0.01786097
   0.03933694]
 [ 0.05916759  0.23554995  0.16207847 ... -0.01786097  1.
   0.11781872]
 [-0.0297056   0.2292568   0.23806841 ...  0.03933694  0.11781872
   1.        ]]","[[ 1.         -0.22455445 -0.57742883 ... -0.3400058   0.73378658
   0.36214607]
 [-0.22455445  1.         -0.79831977 ...  0.44347713  0.3386207
   0.79545369]
 [-0.57742883 -0.79831977  1.         ...  0.34203132  0.65009532
   0.96209468]
 ...
 [-0.3400058   0.44347713  0.34203132 ...  1.          0.1048985
  -0.50097651]
 [ 0.73378658  0.3386207   0.65009532 ...  0.1048985   1.
  -0.54729272]
 [ 0.36214607  0.79545369  0.96209468 ... -0.50097651 -0.54729272
   1.        ]]","[[ 0.          0.09957743 -0.10433482 ... -0.06160343  0.05923678
  -0.02971434]
 [ 0.09957743  0.          0.77030632 ...  0.13866401  0.24005739
   0.23340489]
 [-0.10433482  0.77030632  0.         ...  0.17348622  0.16352051
   0.24272546]
 ...
 [-0.06160343  0.13866401  0.17348622 ...  0.         -0.01786287
   0.03935725]
 [ 0.05923678  0.24005739  0.16352051 ... -0.01786287  0.
   0.11836847]
 [-0.02971434  0.23340489  0.24272546 ...  0.03935725  0.11836847
   0.        ]]","[[ 0.         -0.22844729 -0.65859679 ... -0.35409909  0.93688237
   0.37935371]
 [-0.22844729  0.         -1.09396231 ...  0.47655095  0.35253376
   1.08610931]
 [-0.65859679 -1.09396231  0.         ...  0.35639117  0.77546378
   1.97333816]
 ...
 [-0.35409909  0.47655095  0.35639117 ...  0.          0.10528582
  -0.55060901]
 [ 0.93688237  0.35253376  0.77546378 ...  0.10528582  0.
  -0.61450815]
 [ 0.37935371  1.08610931  1.97333816 ... -0.55060901 -0.61450815
   0.        ]]"
M,"[[1.04178522 1.23731909 1.03576201 ... 1.11360589 1.37078065 1.00907795]
 [0.99195892 1.40128468 1.0517668  ... 0.93400681 1.30840247 1.05215015]
 [1.04208497 1.44243604 1.13749921 ... 1.10779858 1.04676686 1.13083708]
 ...
 [0.94116494 0.87777782 1.11684901 ... 0.99087267 0.97530247 1.24283434]
 [0.90444293 1.05932837 1.18200051 ... 0.96253977 1.0577384  1.14802906]
 [0.94704763 1.0033482  1.07830606 ... 0.87034626 1.02757797 1.08631811]]","[[ 1.         -0.0466498  -0.01921092 ...  0.00571632  0.16876763
  -0.23759428]
 [-0.0466498   1.          0.55413348 ...  0.05493529  0.35818827
   0.19065717]
 [-0.01921092  0.55413348  1.         ...  0.15517915  0.34227207
   0.15836241]
 ...
 [ 0.00571632  0.05493529  0.15517915 ...  1.          0.11113799
   0.20225509]
 [ 0.16876763  0.35818827  0.34227207 ...  0.11113799  1.
   0.18239936]
 [-0.23759428  0.19065717  0.15836241 ...  0.20225509  0.18239936
   1.        ]]","[[ 1.          0.53684077  0.07734991 ...  0.80061998  0.9646024
  -0.89599   ]
 [ 0.53684077  1.         -0.03229442 ... -0.79109395 -0.45056711
   0.44854574]
 [ 0.07734991 -0.03229442  1.         ...  0.00511099 -0.18900299
   0.38066916]
 ...
 [ 0.80061998 -0.79109395  0.00511099 ...  1.         -0.70750391
   0.64240205]
 [ 0.9646024  -0.45056711 -0.18900299 ... -0.70750391  1.
   0.94826898]
 [-0.89599     0.44854574  0.38066916 ...  0.64240205  0.94826898
