gender,data,corr,pcorr,fcorr,fpcorr
M,"[[0.91325848 1.18668426 1.38985462 ... 1.07003991 1.28529814 1.08168285]
 [0.77552986 1.43758997 1.28021767 ... 1.05133838 1.34343823 1.08065574]
 [1.26943221 1.43423336 1.40512575 ... 1.12394466 1.01829943 0.95796449]
 ...
 [0.92601311 0.9497803  0.79981835 ... 0.88872612 1.0477608  1.05486879]
 [0.96643825 0.9947366  1.09153456 ... 1.0452118  1.07719948 1.02083631]
 [1.13960421 0.87206057 0.93256731 ... 1.05057975 1.05624583 1.01933925]]","[[ 1.         -0.07097062  0.04063753 ...  0.00110392 -0.10057929
   0.01672708]
 [-0.07097062  1.          0.59062165 ...  0.23577379  0.47027505
   0.06386883]
 [ 0.04063753  0.59062165  1.         ...  0.08406365  0.37122921
   0.02351189]
 ...
 [ 0.00110392  0.23577379  0.08406365 ...  1.          0.09707838
  -0.09721601]
 [-0.10057929  0.47027505  0.37122921 ...  0.09707838  1.
  -0.05644209]
 [ 0.01672708  0.06386883  0.02351189 ... -0.09721601 -0.05644209
   1.        ]]","[[ 1.         -0.33061444  0.6048777  ...  0.12109818  0.56404376
  -0.23602779]
 [-0.33061444  1.          0.40515447 ...  0.16397797 -0.16057117
  -0.21917842]
 [ 0.6048777   0.40515447  1.         ... -0.2101174  -0.4292329
   0.18885821]
 ...
 [ 0.12109818  0.16397797 -0.2101174  ...  1.          0.34533196
   0.50452936]
 [ 0.56404376 -0.16057117 -0.4292329  ...  0.34533196  1.
   0.02248957]
 [-0.23602779 -0.21917842  0.18885821 ...  0.50452936  0.02248957
   1.        ]]","[[ 0.         -0.07109013  0.04065992 ...  0.00110392 -0.10092052
   0.01672864]
 [-0.07109013  0.          0.67862019 ...  0.24029439  0.51042343
   0.06395589]
 [ 0.04065992  0.67862019  0.         ...  0.08426251  0.38984804
   0.02351622]
 ...
 [ 0.00110392  0.24029439  0.08426251 ...  0.          0.09738508
  -0.09752402]
 [-0.10092052  0.51042343  0.38984804 ...  0.09738508  0.
  -0.05650214]
 [ 0.01672864  0.06395589  0.02351622 ... -0.09752402 -0.05650214
   0.        ]]","[[ 0.         -0.34351795  0.70080375 ...  0.12169541  0.63874402
  -0.24056336]
 [-0.34351795  0.          0.42980038 ...  0.16547187 -0.16197293
  -0.22279291]
 [ 0.70080375  0.42980038  0.         ... -0.21329417 -0.45895595
   0.19115289]
 ...
 [ 0.12169541  0.16547187 -0.21329417 ...  0.          0.36013389
   0.55536365]
 [ 0.63874402 -0.16197293 -0.45895595 ...  0.36013389  0.
   0.02249336]
 [-0.24056336 -0.22279291  0.19115289 ...  0.55536365  0.02249336
   0.        ]]"
M,"[[1.07196878 1.29120352 1.22418514 ... 1.1645103  1.19871921 1.02185798]
 [1.03773287 1.27529344 1.23191329 ... 1.05259136 1.05781652 1.25411301]
 [1.00426512 1.30664534 1.31139734 ... 1.01121265 1.21018736 0.92650048]
 ...
 [1.11470455 0.92868111 0.98864464 ... 1.08551854 0.96450953 0.93400305]
 [0.93900051 0.98813182 0.96181845 ... 0.81997323 1.01134964 1.09219558]
 [1.07831097 1.17898782 0.89524318 ... 0.91050737 0.99502616 0.96023568]]","[[ 1.00000000e+00 -8.88597556e-02  1.94470133e-02 ...  5.37344128e-02
  -1.31582238e-02  4.61342851e-04]
 [-8.88597556e-02  1.00000000e+00  6.04722487e-01 ...  1.81432442e-01
   5.12799823e-01  1.91492150e-01]
 [ 1.94470133e-02  6.04722487e-01  1.00000000e+00 ...  1.10471374e-01
   3.50166880e-01  2.44231316e-01]
 ...
 [ 5.37344128e-02  1.81432442e-01  1.10471374e-01 ...  1.00000000e+00
   1.39465721e-01 -9.41561512e-02]
 [-1.31582238e-02  5.12799823e-01  3.50166880e-01 ...  1.39465721e-01
   1.00000000e+00  1.10818665e-01]
 [ 4.61342851e-04  1.91492150e-01  2.44231316e-01 ... -9.41561512e-02
   1.10818665e-01  1.00000000e+00]]","[[ 1.          0.84959507 -0.81725618 ...  0.34888727  0.8682914
   0.87790291]
 [ 0.84959507  1.          0.95708715 ... -0.17388331 -0.87214532
  -0.96528464]
 [-0.81725618  0.95708715  1.         ...  0.1165601   0.82013653
   0.94855395]
 ...
 [ 0.34888727 -0.17388331  0.1165601  ...  1.         -0.0430954
  -0.11085111]
 [ 0.8682914  -0.87214532  0.82013653 ... -0.0430954   1.
  -0.93307056]
 [ 0.87790291 -0.96528464  0.94855395 ... -0.11085111 -0.93307056
   1.        ]]","[[ 0.00000000e+00 -8.90947505e-02  1.94494654e-02 ...  5.37862200e-02
  -1.31589832e-02  4.61342884e-04]
 [-8.90947505e-02  0.00000000e+00  7.00559016e-01 ...  1.83463492e-01
   5.66521160e-01  1.93885660e-01]
 [ 1.94494654e-02  7.00559016e-01  0.00000000e+00 ...  1.10924088e-01
   3.65633943e-01  2.49268923e-01]
 ...
 [ 5.37862200e-02  1.83463492e-01  1.10924088e-01 ...  0.00000000e+00
   1.40380658e-01 -9.44358841e-02]
 [-1.31589832e-02  5.66521160e-01  3.65633943e-01 ...  1.40380658e-01
   0.00000000e+00  1.11275683e-01]
 [ 4.61342884e-04  1.93885660e-01  2.49268923e-01 ... -9.44358841e-02
   1.11275683e-01  0.00000000e+00]]","[[ 0.          1.25469542 -1.14849887 ...  0.36417625  1.32609384
   1.36654721]
 [ 1.25469542  0.          1.91002063 ... -0.17566828 -1.34197298
  -2.01810511]
 [-1.14849887  1.91002063  0.         ...  0.11709232  1.15723436
   1.8171546 ]
 ...
 [ 0.36417625 -0.17566828  0.11709232 ...  0.         -0.04312211
  -0.11130853]
 [ 1.32609384 -1.34197298  1.15723436 ... -0.04312211  0.
  -1.68161303]
 [ 1.36654721 -2.01810511  1.8171546  ... -0.11130853 -1.68161303
   0.        ]]"
M,"[[1.0735039  1.28436215 1.26183115 ... 0.98074566 1.08700169 0.76442414]
 [0.99848868 1.35923815 1.22299017 ... 1.14218856 1.19590128 1.12807944]
 [1.08663076 1.4695941  1.31963566 ... 0.96560645 1.04688092 1.07343471]
 ...
 [1.15796304 0.95806824 0.89033282 ... 0.833951   1.10934686 1.07469689]
 [0.88725578 0.97361619 0.90650227 ... 0.9141298  1.15589918 0.96931392]
 [1.02253397 0.98839275 1.10381486 ... 1.20470943 1.0332527  1.08059097]]","[[1.         0.10389132 0.16649257 ... 0.03919303 0.0937211  0.1473354 ]
 [0.10389132 1.         0.67681906 ... 0.21517477 0.37528167 0.12576447]
 [0.16649257 0.67681906 1.         ... 0.12368157 0.2853202  0.28784501]
 ...
 [0.03919303 0.21517477 0.12368157 ... 1.         0.13202081 0.24427692]
 [0.0937211  0.37528167 0.2853202  ... 0.13202081 1.         0.13386306]
 [0.1473354  0.12576447 0.28784501 ... 0.24427692 0.13386306 1.        ]]","[[ 1.          0.47332707 -0.32740829 ...  0.03989426  0.01976534
   0.01430305]
 [ 0.47332707  1.          0.18683452 ...  0.38080463 -0.50386917
   0.64246851]
 [-0.32740829  0.18683452  1.         ... -0.0149192  -0.43807029
   0.29085692]
 ...
 [ 0.03989426  0.38080463 -0.0149192  ...  1.          0.46725001
  -0.15652513]
 [ 0.01976534 -0.50386917 -0.43807029 ...  0.46725001  1.
   0.52859401]
 [ 0.01430305  0.64246851  0.29085692 ... -0.15652513  0.52859401
   1.        ]]","[[0.         0.10426754 0.16805705 ... 0.03921312 0.09399696 0.14841561]
 [0.10426754 0.         0.82322076 ... 0.21859107 0.39455648 0.12643389]
 [0.16805705 0.82322076 0.         ... 0.12431808 0.29346427 0.296215  ]
 ...
 [0.03921312 0.21859107 0.12431808 ... 0.         0.13279595 0.24931742]
 [0.09399696 0.39455648 0.29346427 ... 0.13279595 0.         0.13467135]
 [0.14841561 0.12643389 0.296215   ... 0.24931742 0.13467135 0.        ]]","[[ 0.          0.51434935 -0.3399226  ...  0.03991544  0.01976791
   0.01430403]
 [ 0.51434935  0.          0.18905517 ...  0.40100041 -0.55447842
   0.76236607]
 [-0.3399226   0.18905517  0.         ... -0.01492031 -0.46984033
   0.29950213]
 ...
 [ 0.03991544  0.40100041 -0.01492031 ...  0.          0.50654646
  -0.15782255]
 [ 0.01976791 -0.55447842 -0.46984033 ...  0.50654646  0.
   0.58819198]
 [ 0.01430403  0.76236607  0.29950213 ... -0.15782255  0.58819198
   0.        ]]"
M,"[[0.88005905 1.18800485 1.31959711 ... 0.95916327 1.08610043 0.8254719 ]
 [1.22128496 1.3792462  1.23066275 ... 0.99072805 1.1831354  0.9392561 ]
 [1.16289359 1.51669506 1.17150795 ... 0.92734177 1.13864914 0.91475024]
 ...
 [1.12684498 0.93751639 0.96344426 ... 1.11745019 1.06033614 0.96507441]
 [1.00593395 0.89156909 1.11412738 ... 1.19453014 1.01164574 1.14460131]
 [0.98802652 0.90980144 0.8322506  ... 1.0725469  1.14561357 1.02752951]]","[[ 1.          0.07288291 -0.01461469 ...  0.03523631  0.00969756
   0.11389425]
 [ 0.07288291  1.          0.61688236 ... -0.03470913  0.32599777
   0.16261855]
 [-0.01461469  0.61688236  1.         ... -0.04686091  0.40233145
  -0.03336618]
 ...
 [ 0.03523631 -0.03470913 -0.04686091 ...  1.         -0.05041367
   0.19171806]
 [ 0.00969756  0.32599777  0.40233145 ... -0.05041367  1.
  -0.23464921]
 [ 0.11389425  0.16261855 -0.03336618 ...  0.19171806 -0.23464921
   1.        ]]","[[ 1.         -0.68362322 -0.73849858 ...  0.83432317 -0.7286205
   0.13260106]
 [-0.68362322  1.         -0.52586849 ...  0.73439267 -0.54322973
   0.43976745]
 [-0.73849858 -0.52586849  1.         ...  0.47810723 -0.40291423
  -0.05342991]
 ...
 [ 0.83432317  0.73439267  0.47810723 ...  1.          0.61381022
  -0.26706362]
 [-0.7286205  -0.54322973 -0.40291423 ...  0.61381022  1.
  -0.08722588]
 [ 0.13260106  0.43976745 -0.05342991 ... -0.26706362 -0.08722588
   1.        ]]","[[ 0.          0.07301237 -0.01461573 ...  0.03525091  0.00969786
   0.11439059]
 [ 0.07301237  0.          0.7199565  ... -0.03472308  0.33834354
   0.16407521]
 [-0.01461573  0.7199565   0.         ... -0.04689525  0.42642756
  -0.03337857]
 ...
 [ 0.03525091 -0.03472308 -0.04689525 ...  0.         -0.05045644
   0.19412018]
 [ 0.00969786  0.33834354  0.42642756 ... -0.05045644  0.
  -0.23910395]
 [ 0.11439059  0.16407521 -0.03337857 ...  0.19412018 -0.23910395
   0.        ]]","[[ 0.         -0.8358848  -0.94716871 ...  1.20219588 -0.92578038
   0.13338654]
 [-0.8358848   0.         -0.58441715 ...  0.93819678 -0.60872608
   0.47194246]
 [-0.94716871 -0.58441715  0.         ...  0.52052775 -0.42712309
  -0.05348084]
 ...
 [ 1.20219588  0.93819678  0.52052775 ...  0.          0.71501218
  -0.27369924]
 [-0.92578038 -0.60872608 -0.42712309 ...  0.71501218  0.
  -0.08744811]
 [ 0.13338654  0.47194246 -0.05348084 ... -0.27369924 -0.08744811
   0.        ]]"
M,"[[0.95142616 1.38511944 1.39779937 ... 0.9953887  1.11094815 1.13067064]
 [1.02112481 1.13741546 1.53597546 ... 0.97974078 1.02465175 1.03573887]
 [1.19411688 1.25342478 1.35702597 ... 1.09956429 1.17289264 1.05939912]
 ...
 [0.87957663 0.97417614 0.93466175 ... 0.96358137 1.09333509 0.89606588]
 [1.17132654 1.05306876 0.78186305 ... 0.9522354  1.31557797 1.20390516]
 [0.99962672 1.28287501 0.94565841 ... 1.0658663  1.1151193  0.94249272]]","[[ 1.          0.17751547  0.05326564 ... -0.02280471  0.12064475
   0.04370618]
 [ 0.17751547  1.          0.58495302 ...  0.24209807  0.29243451
   0.26628758]
 [ 0.05326564  0.58495302  1.         ...  0.21150479  0.17622423
   0.26840171]
 ...
 [-0.02280471  0.24209807  0.21150479 ...  1.          0.07549249
   0.08934891]
 [ 0.12064475  0.29243451  0.17622423 ...  0.07549249  1.
   0.17331734]
 [ 0.04370618  0.26628758  0.26840171 ...  0.08934891  0.17331734
   1.        ]]","[[ 1.         -0.21573157 -0.02954541 ...  0.05537392 -0.44841856
   0.04098701]
 [-0.21573157  1.         -0.39639296 ... -0.35429935 -0.40906413
  -0.4699462 ]
 [-0.02954541 -0.39639296  1.         ... -0.79239409 -0.45992728
  -0.16206608]
 ...
 [ 0.05537392 -0.35429935 -0.79239409 ...  1.         -0.35592985
  -0.30951175]
 [-0.44841856 -0.40906413 -0.45992728 ... -0.35592985  1.
  -0.14563885]
 [ 0.04098701 -0.4699462  -0.16206608 ... -0.30951175 -0.14563885
   1.        ]]","[[ 0.          0.17941615  0.05331611 ... -0.02280867  0.12123525
   0.04373404]
 [ 0.17941615  0.          0.66995916 ...  0.24700161  0.30122637
   0.27286379]
 [ 0.05331611  0.66995916  0.         ...  0.21474608  0.17808321
   0.27514065]
 ...
 [-0.02280867  0.24700161  0.21474608 ...  0.          0.07563639
   0.08958782]
 [ 0.12123525  0.30122637  0.17808321 ...  0.07563639  0.
   0.17508473]
 [ 0.04373404  0.27286379  0.27514065 ...  0.08958782  0.17508473
   0.        ]]","[[ 0.         -0.21917497 -0.02955401 ...  0.05543062 -0.48271905
   0.04100998]
 [-0.21917497  0.         -0.41936218 ... -0.37035175 -0.43448676
  -0.51000128]
 [-0.02955401 -0.41936218  0.         ... -1.07783293 -0.49721906
  -0.16350778]
 ...
 [ 0.05543062 -0.37035175 -1.07783293 ...  0.         -0.37221755
  -0.32000534]
 [-0.48271905 -0.43448676 -0.49721906 ... -0.37221755  0.
  -0.14668185]
 [ 0.04100998 -0.51000128 -0.16350778 ... -0.32000534 -0.14668185
   0.        ]]"
M,"[[0.96294973 1.49249943 1.22669589 ... 1.10373288 1.21801101 1.08106445]
 [1.08948283 1.84436942 1.31632048 ... 1.07295461 1.0749857  1.19518625]
 [1.27229703 1.23789174 1.15810113 ... 1.01077928 1.16211514 1.11224937]
 ...
 [1.01474218 1.10595971 0.98089044 ... 1.07425165 0.9689521  1.00529118]
 [0.97738469 0.90867121 0.97911306 ... 1.04090924 0.95901661 0.97620027]
 [0.97986295 0.99811835 1.06419249 ... 1.01700049 1.04588094 0.77403684]]","[[ 1.         -0.02425427  0.15000351 ...  0.14720835  0.1338985
   0.20049647]
 [-0.02425427  1.          0.68138988 ...  0.12118082  0.33704942
   0.33708748]
 [ 0.15000351  0.68138988  1.         ...  0.12846013  0.36100311
   0.18139989]
 ...
 [ 0.14720835  0.12118082  0.12846013 ...  1.          0.095224
  -0.0101953 ]
 [ 0.1338985   0.33704942  0.36100311 ...  0.095224    1.
  -0.02017997]
 [ 0.20049647  0.33708748  0.18139989 ... -0.0101953  -0.02017997
   1.        ]]","[[ 1.         -0.75982212  0.50927099 ...  0.50388926  0.10725131
   0.61738612]
 [-0.75982212  1.          0.02150989 ...  0.84896842 -0.39019351
   0.81700929]
 [ 0.50927099  0.02150989  1.         ...  0.3167634  -0.42071357
   0.16525261]
 ...
 [ 0.50388926  0.84896842  0.3167634  ...  1.          0.62847501
  -0.88600029]
 [ 0.10725131 -0.39019351 -0.42071357 ...  0.62847501  1.
   0.37050471]
 [ 0.61738612  0.81700929  0.16525261 ... -0.88600029  0.37050471
   1.        ]]","[[ 0.         -0.02425902  0.15114402 ...  0.14828575  0.13470744
   0.20324976]
 [-0.02425902  0.          0.83170394 ...  0.12177927  0.35076004
   0.35080299]
 [ 0.15114402  0.83170394  0.         ...  0.12917382  0.37803885
   0.18342983]
 ...
 [ 0.14828575  0.12177927  0.12917382 ...  0.          0.09551339
  -0.01019565]
 [ 0.13470744  0.35076004  0.37803885 ...  0.09551339  0.
  -0.02018271]
 [ 0.20324976  0.35080299  0.18342983 ... -0.01019565 -0.02018271
   0.        ]]","[[ 0.         -0.9957941   0.56174499 ...  0.55450535  0.1076654
   0.72077013]
 [-0.9957941   0.          0.02151321 ...  1.2524471  -0.41202827
   1.1477559 ]
 [ 0.56174499  0.02151321  0.         ...  0.32804541 -0.44855874
   0.16678201]
 ...
 [ 0.55450535  1.2524471   0.32804541 ...  0.          0.73889158
  -1.40300887]
 [ 0.1076654  -0.41202827 -0.44855874 ...  0.73889158  0.
   0.38900799]
 [ 0.72077013  1.1477559   0.16678201 ... -1.40300887  0.38900799
   0.        ]]"
M,"[[0.97359898 1.37321659 1.44192336 ... 1.145506   1.22403397 1.04756691]
 [0.82606821 1.25820049 1.30764838 ... 0.95517529 1.31563929 1.0511182 ]
 [0.95352241 1.33815711 1.20774744 ... 0.940969   1.15866824 1.12107525]
 ...
 [1.00663122 0.98339136 0.75874799 ... 0.80304525 0.92448904 1.0752862 ]
 [1.12908428 1.11998705 0.95415823 ... 1.08153075 0.93995831 0.95291355]
 [1.00505817 0.94615244 1.06726784 ... 0.932096   0.87580775 0.89551203]]","[[ 1.          0.00836084 -0.06332601 ...  0.00189732 -0.02191446
   0.04028778]
 [ 0.00836084  1.          0.57558361 ...  0.23550007  0.37890705
   0.30765568]
 [-0.06332601  0.57558361  1.         ...  0.17045316  0.38774062
   0.34305678]
 ...
 [ 0.00189732  0.23550007  0.17045316 ...  1.          0.03285538
  -0.04948602]
 [-0.02191446  0.37890705  0.38774062 ...  0.03285538  1.
   0.22722417]
 [ 0.04028778  0.30765568  0.34305678 ... -0.04948602  0.22722417
   1.        ]]","[[ 1.00000000e+00 -3.87353862e-04 -3.66000749e-01 ...  1.62099155e-01
   5.68240677e-01  2.11969062e-01]
 [-3.87353862e-04  1.00000000e+00  2.63452460e-01 ... -7.78843806e-01
   2.14972244e-01 -5.20997791e-01]
 [-3.66000749e-01  2.63452460e-01  1.00000000e+00 ...  2.79950681e-01
   4.99272827e-01  7.93551581e-01]
 ...
 [ 1.62099155e-01 -7.78843806e-01  2.79950681e-01 ...  1.00000000e+00
   1.80927111e-01 -4.36013540e-01]
 [ 5.68240677e-01  2.14972244e-01  4.99272827e-01 ...  1.80927111e-01
   1.00000000e+00 -3.05231725e-01]
 [ 2.11969062e-01 -5.20997791e-01  7.93551581e-01 ... -4.36013540e-01
  -3.05231725e-01  1.00000000e+00]]","[[ 0.          0.00836104 -0.06341086 ...  0.00189732 -0.02191797
   0.0403096 ]
 [ 0.00836104  0.          0.655833   ...  0.24000457  0.39878286
   0.31795392]
 [-0.06341086  0.655833    0.         ...  0.17213334  0.40913811
   0.35755294]
 ...
 [ 0.00189732  0.24000457  0.17213334 ...  0.          0.03286721
  -0.04952647]
 [-0.02191797  0.39878286  0.40913811 ...  0.03286721  0.
   0.23126056]
 [ 0.0403096   0.31795392  0.35755294 ... -0.04952647  0.23126056
   0.        ]]","[[ 0.00000000e+00 -3.87353881e-04 -3.83797407e-01 ...  1.63541747e-01
   6.44920685e-01  2.15232144e-01]
 [-3.87353881e-04  0.00000000e+00  2.69814759e-01 ... -1.04242484e+00
   2.18378718e-01 -5.77708316e-01]
 [-3.83797407e-01  2.69814759e-01  0.00000000e+00 ...  2.87628559e-01
   5.48337050e-01  1.08095123e+00]
 ...
 [ 1.63541747e-01 -1.04242484e+00  2.87628559e-01 ...  0.00000000e+00
   1.82941009e-01 -4.67297967e-01]
 [ 6.44920685e-01  2.18378718e-01  5.48337050e-01 ...  1.82941009e-01
   0.00000000e+00 -3.15278749e-01]
 [ 2.15232144e-01 -5.77708316e-01  1.08095123e+00 ... -4.67297967e-01
  -3.15278749e-01  0.00000000e+00]]"
M,"[[0.91624399 1.26759832 1.38813351 ... 0.87120953 1.4358911  1.20071423]
 [0.91121401 1.05185997 1.27526258 ... 1.08170236 1.20990255 1.0655493 ]
 [0.92553984 1.07980821 1.42632654 ... 1.16588934 1.0984257  1.0957107 ]
 ...
 [0.96193012 1.00538558 0.86443405 ... 1.08242028 0.83545706 0.94554103]
 [1.15846846 0.9190243  1.09210503 ... 1.00834368 0.9713531  0.92089442]
 [0.86990831 0.98288885 1.02359944 ... 1.01219595 1.02307456 0.81606687]]","[[ 1.         -0.07399638  0.0492283  ...  0.20587649 -0.0730673
  -0.02421687]
 [-0.07399638  1.          0.55191509 ... -0.06198953  0.36083356
   0.15767327]
 [ 0.0492283   0.55191509  1.         ... -0.01341151  0.26653918
  -0.01302673]
 ...
 [ 0.20587649 -0.06198953 -0.01341151 ...  1.         -0.10663476
   0.11322125]
 [-0.0730673   0.36083356  0.26653918 ... -0.10663476  1.
   0.16424437]
 [-0.02421687  0.15767327 -0.01302673 ...  0.11322125  0.16424437
   1.        ]]","[[ 1.          0.18062502 -0.73278735 ... -0.66206626 -0.66940208
   0.73886764]
 [ 0.18062502  1.          0.7066615  ...  0.77092391  0.81079252
  -0.74280207]
 [-0.73278735  0.7066615   1.         ... -0.89959764 -0.94600381
   0.88903086]
 ...
 [-0.66206626  0.77092391 -0.89959764 ...  1.         -0.97131043
   0.92480571]
 [-0.66940208  0.81079252 -0.94600381 ... -0.97131043  1.
   0.95320638]
 [ 0.73886764 -0.74280207  0.88903086 ...  0.92480571  0.95320638
   1.        ]]","[[ 0.         -0.07413188  0.04926812 ...  0.20886148 -0.07319775
  -0.02422161]
 [-0.07413188  0.          0.62113112 ... -0.06206912  0.37784391
   0.15899974]
 [ 0.04926812  0.62113112  0.         ... -0.01341231  0.27313462
  -0.01302746]
 ...
 [ 0.20886148 -0.06206912 -0.01341231 ...  0.         -0.10704172
   0.1137088 ]
 [-0.07319775  0.37784391  0.27313462 ... -0.10704172  0.
   0.16574564]
 [-0.02422161  0.15899974 -0.01302746 ...  0.1137088   0.16574564
   0.        ]]","[[ 0.          0.18262871 -0.93472089 ... -0.7964835  -0.80965896
   0.947981  ]
 [ 0.18262871  0.          0.88048359 ...  1.02260123  1.12933785
  -0.95670176]
 [-0.93472089  0.88048359  0.         ... -1.4701058  -1.79230983
   1.41728352]
 ...
 [-0.7964835   1.02260123 -1.4701058  ...  0.         -2.11496015
   1.6212525 ]
 [-0.80965896  1.12933785 -1.79230983 ... -2.11496015  0.
   1.86574041]
 [ 0.947981   -0.95670176  1.41728352 ...  1.6212525   1.86574041
   0.        ]]"
M,"[[1.05525378 1.37999072 1.3649942  ... 1.18976705 0.95996561 1.20695159]
 [1.04934948 1.4741206  1.35480125 ... 1.2593199  1.22815864 1.10557713]
 [0.78547646 1.34417422 1.11165005 ... 0.81540653 1.09416457 0.93922407]
 ...
 [0.95616304 1.03263029 0.99355739 ... 1.04531838 0.99376504 1.09403825]
 [0.83123746 0.97020212 0.94509398 ... 1.0956045  1.18514985 0.957003  ]
 [0.96731263 1.20628366 1.03109876 ... 1.0997339  0.98377562 0.96066214]]","[[ 1.         -0.00753557  0.07997788 ... -0.13580012  0.02067772
   0.18524334]
 [-0.00753557  1.          0.58131003 ...  0.17937041  0.42120285
   0.19140178]
 [ 0.07997788  0.58131003  1.         ...  0.23825625  0.2598924
   0.27631619]
 ...
 [-0.13580012  0.17937041  0.23825625 ...  1.          0.19353163
   0.14121486]
 [ 0.02067772  0.42120285  0.2598924  ...  0.19353163  1.
   0.14628681]
 [ 0.18524334  0.19140178  0.27631619 ...  0.14121486  0.14628681
   1.        ]]","[[ 1.         -0.28711095  0.21422478 ...  0.46787624 -0.5896193
   0.47753774]
 [-0.28711095  1.          0.64830586 ...  0.43579778 -0.38251112
   0.47852825]
 [ 0.21422478  0.64830586  1.         ... -0.36187402  0.25969457
  -0.55358575]
 ...
 [ 0.46787624  0.43579778 -0.36187402 ...  1.          0.91026222
  -0.12344604]
 [-0.5896193  -0.38251112  0.25969457 ...  0.91026222  1.
   0.04634622]
 [ 0.47753774  0.47852825 -0.55358575 ... -0.12344604  0.04634622
   1.        ]]","[[ 0.         -0.00753571  0.08014906 ... -0.13664427  0.02068067
   0.18740695]
 [-0.00753571  0.          0.66443911 ...  0.18133209  0.44915339
   0.19379185]
 [ 0.08014906  0.66443911  0.         ...  0.2429246   0.26599301
   0.28368933]
 ...
 [-0.13664427  0.18133209  0.2429246  ...  0.          0.19600363
   0.14216494]
 [ 0.02068067  0.44915339  0.26599301 ...  0.19600363  0.
   0.14734392]
 [ 0.18740695  0.19379185  0.28368933 ...  0.14216494  0.14734392
   0.        ]]","[[ 0.         -0.29541481  0.21759517 ...  0.5073479  -0.67708228
   0.51978977]
 [-0.29541481  0.          0.7723707  ...  0.46703159 -0.40299786
   0.52107367]
 [ 0.21759517  0.7723707   0.         ... -0.37904063  0.26578086
  -0.6235368 ]
 ...
 [ 0.5073479   0.46703159 -0.37904063 ...  0.          1.52905199
  -0.1240789 ]
 [-0.67708228 -0.40299786  0.26578086 ...  1.52905199  0.
   0.04637944]
 [ 0.51978977  0.52107367 -0.6235368  ... -0.1240789   0.04637944
   0.        ]]"
M,"[[0.97383827 1.19292064 1.13888048 ... 1.16367205 1.02280653 0.89228187]
 [0.92309185 1.20024154 1.27919954 ... 1.04176428 1.2081114  0.97190803]
 [0.94893741 1.28339145 1.36791805 ... 1.11380619 1.09504633 0.96403414]
 ...
 [0.91435661 0.96633422 1.01445896 ... 0.87383958 0.97698055 1.04163492]
 [0.88785667 1.01439816 1.01778838 ... 0.7286239  0.93764706 0.95702267]
 [0.98948709 1.12362143 0.93897723 ... 0.98286626 1.06148995 1.0706144 ]]","[[ 1.00000000e+00  8.73409378e-02 -4.67577503e-02 ... -1.51821898e-01
  -3.43627479e-02  8.87810444e-04]
 [ 8.73409378e-02  1.00000000e+00  6.10618466e-01 ...  1.17913197e-01
   4.07241976e-01  1.49057746e-01]
 [-4.67577503e-02  6.10618466e-01  1.00000000e+00 ...  9.93259593e-02
   2.64095556e-01  5.89738132e-02]
 ...
 [-1.51821898e-01  1.17913197e-01  9.93259593e-02 ...  1.00000000e+00
   2.67319488e-01 -1.89446600e-01]
 [-3.43627479e-02  4.07241976e-01  2.64095556e-01 ...  2.67319488e-01
   1.00000000e+00  9.98009038e-02]
 [ 8.87810444e-04  1.49057746e-01  5.89738132e-02 ... -1.89446600e-01
   9.98009038e-02  1.00000000e+00]]","[[ 1.         -0.55052671 -0.71790972 ... -0.43751638 -0.47535187
   0.41840341]
 [-0.55052671  1.         -0.61829438 ... -0.17479406 -0.5984762
   0.49471044]
 [-0.71790972 -0.61829438  1.         ... -0.52567492 -0.8120416
   0.69079304]
 ...
 [-0.43751638 -0.17479406 -0.52567492 ...  1.         -0.49624831
   0.37825   ]
 [-0.47535187 -0.5984762  -0.8120416  ... -0.49624831  1.
   0.92290274]
 [ 0.41840341  0.49471044  0.69079304 ...  0.37825     0.92290274
   1.        ]]","[[ 0.          0.08756405 -0.04679187 ... -0.15300479 -0.03437628
   0.00088781]
 [ 0.08756405  0.          0.70990693 ...  0.11846427  0.43230038
   0.15017663]
 [-0.04679187  0.70990693  0.         ...  0.09965454  0.27050595
   0.05904232]
 ...
 [-0.15300479  0.11846427  0.09965454 ...  0.          0.27397478
  -0.19176311]
 [-0.03437628  0.43230038  0.27050595 ...  0.27397478  0.
   0.10013424]
 [ 0.00088781  0.15017663  0.05904232 ... -0.19176311  0.10013424
   0.        ]]","[[ 0.         -0.61913677 -0.90331819 ... -0.46915507 -0.51696199
   0.44575505]
 [-0.61913677  0.         -0.72223918 ... -0.17660758 -0.69076963
   0.54227806]
 [-0.90331819 -0.72223918  0.         ... -0.58414963 -1.1329944
   0.84947106]
 ...
 [-0.46915507 -0.17660758 -0.58414963 ...  0.         -0.54431634
   0.39801589]
 [-0.51696199 -0.69076963 -1.1329944  ... -0.54431634  0.
   1.6082617 ]
 [ 0.44575505  0.54227806  0.84947106 ...  0.39801589  1.6082617
   0.        ]]"
M,"[[1.00330009 1.34843397 1.27385057 ... 1.10774793 1.2354295  1.13347091]
 [1.20617916 1.34182168 1.41766531 ... 0.93865376 1.16537144 1.03390077]
 [1.13656637 1.20036107 1.22166902 ... 1.09842914 0.98567678 0.90656414]
 ...
 [1.20532775 0.97743123 0.89118237 ... 1.04006044 0.97061311 1.06186734]
 [0.90333056 0.91901423 1.26099309 ... 0.99929752 1.03990898 1.00245887]
 [0.85699481 1.023284   0.95303645 ... 1.24044411 0.99562724 1.02333508]]","[[ 1.          0.18075348  0.18173937 ...  0.04657395  0.09481737
  -0.09417959]
 [ 0.18075348  1.          0.65483321 ...  0.25657481  0.471402
   0.05487812]
 [ 0.18173937  0.65483321  1.         ...  0.17362945  0.42974236
   0.09482503]
 ...
 [ 0.04657395  0.25657481  0.17362945 ...  1.          0.11412344
   0.12039852]
 [ 0.09481737  0.471402    0.42974236 ...  0.11412344  1.
   0.04486558]
 [-0.09417959  0.05487812  0.09482503 ...  0.12039852  0.04486558
   1.        ]]","[[ 1.         -0.95940555 -0.93680338 ...  0.92813903  0.94581656
  -0.94525137]
 [-0.95940555  1.         -0.97821909 ...  0.96236325  0.98382301
  -0.97309555]
 [-0.93680338 -0.97821909  1.         ...  0.9762788   0.9891983
  -0.97971676]
 ...
 [ 0.92813903  0.96236325  0.9762788  ...  1.         -0.9714735
   0.97096961]
 [ 0.94581656  0.98382301  0.9891983  ... -0.9714735   1.
   0.98684718]
 [-0.94525137 -0.97309555 -0.97971676 ...  0.97096961  0.98684718
   1.        ]]","[[ 0.          0.1827615   0.18378088 ...  0.04660767  0.09510306
  -0.09445954]
 [ 0.1827615   0.          0.78371388 ...  0.26243838  0.51187137
   0.05493331]
 [ 0.18378088  0.78371388  0.         ...  0.17540652  0.45958064
   0.09511079]
 ...
 [ 0.04660767  0.26243838  0.17540652 ...  0.          0.11462281
   0.12098539]
 [ 0.09510306  0.51187137  0.45958064 ...  0.11462281  0.
   0.04489572]
 [-0.09445954  0.05493331  0.09511079 ...  0.12098539  0.04489572
   0.        ]]","[[ 0.         -1.93838252 -1.71127167 ...  1.64478866  1.79053082
  -1.78519711]
 [-1.93838252  0.         -2.25445912 ...  1.97696187  2.40459576
  -2.14753363]
 [-1.71127167 -2.25445912  0.         ...  2.21130082  2.60789161
  -2.29045716]
 ...
 [ 1.64478866  1.97696187  2.21130082 ...  0.         -2.11785153
   2.10896888]
 [ 1.79053082  2.40459576  2.60789161 ... -2.11785153  0.
   2.50883404]
 [-1.78519711 -2.14753363 -2.29045716 ...  2.10896888  2.50883404
   0.        ]]"
M,"[[0.95955015 1.00467463 1.16550448 ... 1.03217742 0.97806315 1.05388832]
 [1.10839348 1.43443055 1.32544789 ... 1.0222127  1.08278036 1.19606069]
 [0.95486176 1.34134403 1.26517121 ... 1.14292869 1.18159233 1.19852349]
 ...
 [0.99647443 1.08552878 1.01310041 ... 0.65574161 1.06191038 0.96906244]
 [0.9477045  0.9892796  0.85843267 ... 1.08267602 0.95008913 1.09899603]
 [0.98774958 0.96147259 1.04264967 ... 0.96436524 0.96233463 0.95325004]]","[[ 1.         -0.06749763 -0.1314796  ...  0.02418506  0.13016287
   0.03510516]
 [-0.06749763  1.          0.62404427 ...  0.08883534  0.35071594
   0.15748774]
 [-0.1314796   0.62404427  1.         ...  0.18222137  0.3379806
   0.27281168]
 ...
 [ 0.02418506  0.08883534  0.18222137 ...  1.          0.12131531
   0.18103257]
 [ 0.13016287  0.35071594  0.3379806  ...  0.12131531  1.
   0.1656612 ]
 [ 0.03510516  0.15748774  0.27281168 ...  0.18103257  0.1656612
   1.        ]]","[[ 1.         -0.4894097  -0.34639278 ... -0.4899263   0.48589188
   0.45017578]
 [-0.4894097   1.         -0.23668839 ... -0.47794436  0.53682994
   0.51186298]
 [-0.34639278 -0.23668839  1.         ... -0.68788434  0.4208221
   0.51615633]
 ...
 [-0.4899263  -0.47794436 -0.68788434 ...  1.          0.50597476
   0.587393  ]
 [ 0.48589188  0.53682994  0.4208221  ...  0.50597476  1.
  -0.5203941 ]
 [ 0.45017578  0.51186298  0.51615633 ...  0.587393   -0.5203941
   1.        ]]","[[ 0.         -0.06760042 -0.13224518 ...  0.02418978  0.13090553
   0.03511959]
 [-0.06760042  0.          0.7316017  ...  0.08907014  0.36625988
   0.15880949]
 [-0.13224518  0.7316017   0.         ...  0.18427939  0.35181094
   0.27989909]
 ...
 [ 0.02418978  0.08907014  0.18427939 ...  0.          0.12191577
   0.18305004]
 [ 0.13090553  0.36625988  0.35181094 ...  0.12191577  0.
   0.1672021 ]
 [ 0.03511959  0.15880949  0.27989909 ...  0.18305004  0.1672021
   0.        ]]","[[ 0.         -0.53528382 -0.36133885 ... -0.53596336  0.53066844
   0.48492071]
 [-0.53528382  0.         -0.24126304 ... -0.52031665  0.5996914
   0.56525089]
 [-0.36133885 -0.24126304  0.         ... -0.84392867  0.44869063
   0.57108591]
 ...
 [-0.53596336 -0.52031665 -0.84392867 ...  0.          0.55730453
   0.67367638]
 [ 0.53066844  0.5996914   0.44869063 ...  0.55730453  0.
  -0.57688007]
 [ 0.48492071  0.56525089  0.57108591 ...  0.67367638 -0.57688007
   0.        ]]"
M,"[[1.00559349 1.38486319 1.23287017 ... 0.81401472 1.10147274 1.08534931]
 [1.07259804 1.40716875 1.28076223 ... 0.95635772 1.09918061 1.06849637]
 [1.00769941 1.38485297 1.14434899 ... 1.03008172 1.27134345 1.02615196]
 ...
 [1.05157636 0.97909566 1.08237602 ... 0.77790952 0.92700477 1.04512092]
 [0.95968202 0.93802911 1.11733462 ... 0.91986389 1.03791518 1.19976331]
 [1.02265833 0.97533645 0.98944128 ... 1.13967018 0.92089763 1.1907882 ]]","[[ 1.         -0.02719159 -0.01687213 ... -0.23377     0.01721261
   0.04162591]
 [-0.02719159  1.          0.61322719 ...  0.06113058  0.49497673
   0.1498009 ]
 [-0.01687213  0.61322719  1.         ...  0.12105604  0.49645361
   0.22130646]
 ...
 [-0.23377     0.06113058  0.12105604 ...  1.          0.20886118
  -0.05882458]
 [ 0.01721261  0.49497673  0.49645361 ...  0.20886118  1.
   0.09714513]
 [ 0.04162591  0.1498009   0.22130646 ... -0.05882458  0.09714513
   1.        ]]","[[ 1.          0.16796114 -0.33614795 ... -0.04737059 -0.23662798
   0.22773469]
 [ 0.16796114  1.          0.0673173  ...  0.32446083 -0.43137225
  -0.6674734 ]
 [-0.33614795  0.0673173   1.         ... -0.50890514  0.36510434
   0.28675874]
 ...
 [-0.04737059  0.32446083 -0.50890514 ...  1.          0.65059257
   0.49451877]
 [-0.23662798 -0.43137225  0.36510434 ...  0.65059257  1.
  -0.2284902 ]
 [ 0.22773469 -0.6674734   0.28675874 ...  0.49451877 -0.2284902
   1.        ]]","[[ 0.         -0.02719829 -0.01687373 ... -0.23817371  0.01721431
   0.04164998]
 [-0.02719829  0.          0.71407723 ...  0.0612069   0.54263071
   0.15093676]
 [-0.01687373  0.71407723  0.         ...  0.12165264  0.54458875
   0.22502944]
 ...
 [-0.23817371  0.0612069   0.12165264 ...  0.          0.21198029
  -0.05889257]
 [ 0.01721431  0.54263071  0.54458875 ...  0.21198029  0.
   0.09745246]
 [ 0.04164998  0.15093676  0.22502944 ... -0.05889257  0.09745246
   0.        ]]","[[ 0.          0.16956788 -0.34974339 ... -0.04740607 -0.24119905
   0.23179894]
 [ 0.16956788  0.          0.06741926 ...  0.33662479 -0.46158143
  -0.80617249]
 [-0.34974339  0.06741926  0.         ... -0.56125114  0.38276274
   0.295031  ]
 ...
 [-0.04740607  0.33662479 -0.56125114 ...  0.          0.77632549
   0.54202432]
 [-0.24119905 -0.46158143  0.38276274 ...  0.77632549  0.
  -0.23259592]
 [ 0.23179894 -0.80617249  0.295031   ...  0.54202432 -0.23259592
   0.        ]]"
M,"[[0.9344851  1.33940429 1.21005619 ... 1.05044242 1.17075965 1.13607396]
 [1.06370884 1.5006469  1.23835474 ... 0.96794082 0.98298434 0.87274015]
 [0.84878838 1.25653815 1.20949593 ... 0.8844832  0.94015535 1.03043692]
 ...
 [1.16713551 0.93605308 0.88931326 ... 1.046605   1.04153568 0.98071649]
 [0.90997082 0.96690632 1.10922876 ... 1.00022704 0.74409148 0.78661995]
 [1.02381424 0.9665146  0.88598246 ... 0.88315221 0.85568646 0.89022431]]","[[ 1.         -0.01609564 -0.13192008 ... -0.05528813  0.00335098
  -0.01621181]
 [-0.01609564  1.          0.64098925 ...  0.19675702  0.4287859
   0.22661923]
 [-0.13192008  0.64098925  1.         ...  0.22812973  0.31965529
   0.24524112]
 ...
 [-0.05528813  0.19675702  0.22812973 ...  1.          0.09933312
   0.16919654]
 [ 0.00335098  0.4287859   0.31965529 ...  0.09933312  1.
   0.17100667]
 [-0.01621181  0.22661923  0.24524112 ...  0.16919654  0.17100667
   1.        ]]","[[ 1.          0.28467314 -0.44218435 ...  0.25435347  0.21561968
  -0.49371069]
 [ 0.28467314  1.          0.31714751 ... -0.85152033 -0.44179497
   0.80546327]
 [-0.44218435  0.31714751  1.         ...  0.26109875 -0.31516377
  -0.14339353]
 ...
 [ 0.25435347 -0.85152033  0.26109875 ...  1.         -0.30809612
   0.72084589]
 [ 0.21561968 -0.44179497 -0.31516377 ... -0.30809612  1.
   0.5694432 ]
 [-0.49371069  0.80546327 -0.14339353 ...  0.72084589  0.5694432
   1.        ]]","[[ 0.         -0.01609703 -0.13269344 ... -0.05534456  0.00335099
  -0.01621323]
 [-0.01609703  0.          0.75985111 ...  0.19935672  0.45840812
   0.23062278]
 [-0.13269344  0.75985111  0.         ...  0.23221563  0.33126312
   0.25034307]
 ...
 [-0.05534456  0.19935672  0.23221563 ...  0.          0.09966178
   0.17083941]
 [ 0.00335099  0.45840812  0.33126312 ...  0.09966178  0.
   0.17270347]
 [-0.01621323  0.23062278  0.25034307 ...  0.17083941  0.17270347
   0.        ]]","[[ 0.          0.29276001 -0.47494281 ...  0.26006194  0.21905763
  -0.54095522]
 [ 0.29276001  0.          0.32847242 ... -1.26165717 -0.47445889
   1.11397576]
 [-0.47494281  0.32847242  0.         ...  0.26728718 -0.32626837
  -0.14438864]
 ...
 [ 0.26006194 -1.26165717  0.26728718 ...  0.         -0.31844048
   0.90940363]
 [ 0.21905763 -0.47445889 -0.32626837 ... -0.31844048  0.
   0.64669846]
 [-0.54095522  1.11397576 -0.14438864 ...  0.90940363  0.64669846
   0.        ]]"
M,"[[1.04778305 1.36487456 1.43397529 ... 0.97987829 1.05542442 1.11941623]
 [0.96117015 1.28957102 1.17971982 ... 0.93943376 0.80063963 1.15808906]
 [1.02962009 1.23296193 1.13835703 ... 1.00614417 1.24047428 1.01629034]
 ...
 [1.00659918 1.0170722  0.95297899 ... 1.06021053 1.03247903 1.09571207]
 [1.18694366 0.86971971 0.83839319 ... 0.98958947 1.01795203 0.92708812]
 [1.17857743 0.8669788  0.8300909  ... 1.16025497 0.93151696 0.97323364]]","[[ 1.         -0.03482234 -0.04559764 ...  0.07750578 -0.07374331
   0.00307453]
 [-0.03482234  1.          0.63046186 ... -0.03143786  0.32981606
   0.3360407 ]
 [-0.04559764  0.63046186  1.         ...  0.12930526  0.25154198
   0.17044633]
 ...
 [ 0.07750578 -0.03143786  0.12930526 ...  1.          0.10649958
  -0.02254918]
 [-0.07374331  0.32981606  0.25154198 ...  0.10649958  1.
  -0.01107389]
 [ 0.00307453  0.3360407   0.17044633 ... -0.02254918 -0.01107389
   1.        ]]","[[ 1.         -0.91569791  0.54116888 ...  0.41664943 -0.80459081
  -0.88488046]
 [-0.91569791  1.          0.53626019 ...  0.23312271 -0.94339413
  -0.88810309]
 [ 0.54116888  0.53626019  1.         ... -0.53018158  0.40441138
   0.55380367]
 ...
 [ 0.41664943  0.23312271 -0.53018158 ...  1.          0.04752664
   0.52687371]
 [-0.80459081 -0.94339413  0.40441138 ...  0.04752664  1.
  -0.78202185]
 [-0.88488046 -0.88810309  0.55380367 ...  0.52687371 -0.78202185
   1.        ]]","[[ 0.         -0.03483642 -0.04562928 ...  0.07766154 -0.07387742
   0.00307454]
 [-0.03483642  0.          0.74218232 ... -0.03144822  0.34262185
   0.34962249]
 [-0.04562928  0.74218232  0.         ...  0.13003324  0.25705827
   0.17212631]
 ...
 [ 0.07766154 -0.03144822  0.13003324 ...  0.          0.10690498
  -0.022553  ]
 [-0.07387742  0.34262185  0.25705827 ...  0.10690498  0.
  -0.01107434]
 [ 0.00307454  0.34962249  0.17212631 ... -0.022553   -0.01107434
   0.        ]]","[[ 0.         -1.56171533  0.6058071  ...  0.44363074 -1.1114967
  -1.39782432]
 [-1.56171533  0.          0.59889132 ...  0.23748911 -1.76803927
  -1.412875  ]
 [ 0.6058071   0.59889132  0.         ... -0.5903977   0.42891168
   0.62385106]
 ...
 [ 0.44363074  0.23748911 -0.5903977  ...  0.          0.04756248
   0.58580762]
 [-1.1114967  -1.76803927  0.42891168 ...  0.04756248  0.
  -1.05055453]
 [-1.39782432 -1.412875    0.62385106 ...  0.58580762 -1.05055453
   0.        ]]"
M,"[[0.98722385 1.10824006 1.34410749 ... 1.1130378  1.17596988 1.06725542]
 [1.00288442 1.5599358  1.37228253 ... 1.08037375 1.01106736 0.94038543]
 [0.96458117 1.30526156 1.10186914 ... 0.89634587 1.1196914  1.0487906 ]
 ...
 [1.1174437  0.98869883 0.99399642 ... 0.93367867 1.06799084 0.81838227]
 [0.92113295 1.03357182 1.07945858 ... 1.01162336 1.07604791 1.0654223 ]
 [1.10630947 1.00584763 0.82057067 ... 1.06883252 0.91745599 1.05232678]]","[[ 1.00000000e+00  7.47520107e-02  2.88905395e-02 ...  1.50961929e-01
  -2.76039533e-02 -1.28636018e-01]
 [ 7.47520107e-02  1.00000000e+00  7.16818940e-01 ... -4.73456961e-02
   4.20168459e-01  1.32967627e-01]
 [ 2.88905395e-02  7.16818940e-01  1.00000000e+00 ... -9.51046632e-02
   3.75308275e-01  1.19410297e-01]
 ...
 [ 1.50961929e-01 -4.73456961e-02 -9.51046632e-02 ...  1.00000000e+00
  -8.97066913e-02  2.21215406e-02]
 [-2.76039533e-02  4.20168459e-01  3.75308275e-01 ... -8.97066913e-02
   1.00000000e+00 -5.62591383e-04]
 [-1.28636018e-01  1.32967627e-01  1.19410297e-01 ...  2.21215406e-02
  -5.62591383e-04  1.00000000e+00]]","[[ 1.          0.27002697  0.31564434 ... -0.24481209 -0.44937366
  -0.14171315]
 [ 0.27002697  1.         -0.58610929 ...  0.71940091  0.64741088
   0.53638525]
 [ 0.31564434 -0.58610929  1.         ...  0.80911545  0.78266966
   0.41733648]
 ...
 [-0.24481209  0.71940091  0.80911545 ...  1.         -0.71150477
  -0.51889048]
 [-0.44937366  0.64741088  0.78266966 ... -0.71150477  1.
  -0.58598099]
 [-0.14171315  0.53638525  0.41733648 ... -0.51889048 -0.58598099
   1.        ]]","[[ 0.00000000e+00  7.48917141e-02  2.88985815e-02 ...  1.52124652e-01
  -2.76109677e-02 -1.29352670e-01]
 [ 7.48917141e-02  0.00000000e+00  9.01070961e-01 ... -4.73811207e-02
   4.47896581e-01  1.33759687e-01]
 [ 2.88985815e-02  9.01070961e-01  0.00000000e+00 ... -9.53929667e-02
   3.94587449e-01  1.19982752e-01]
 ...
 [ 1.52124652e-01 -4.73811207e-02 -9.53929667e-02 ...  0.00000000e+00
  -8.99484918e-02  2.21251501e-02]
 [-2.76109677e-02  4.47896581e-01  3.94587449e-01 ... -8.99484918e-02
   0.00000000e+00 -5.62591443e-04]
 [-1.29352670e-01  1.33759687e-01  1.19982752e-01 ...  2.21251501e-02
  -5.62591443e-04  0.00000000e+00]]","[[ 0.          0.27689291  0.32680203 ... -0.24988663 -0.48391518
  -0.14267341]
 [ 0.27689291  0.         -0.67171867 ...  0.90640213  0.77082839
   0.59906689]
 [ 0.32680203 -0.67171867  0.         ...  1.12446227  1.05222441
   0.4444624 ]
 ...
 [-0.24988663  0.90640213  1.12446227 ...  0.         -0.89022484
  -0.57482023]
 [-0.48391518  0.77082839  1.05222441 ... -0.89022484  0.
  -0.67152326]
 [-0.14267341  0.59906689  0.4444624  ... -0.57482023 -0.67152326
   0.        ]]"
M,"[[0.96240388 1.25667867 1.37896327 ... 1.03725048 1.00785963 0.91796722]
 [0.97713514 0.96450257 1.26314459 ... 0.99032551 1.07234906 0.96387506]
 [1.10343985 1.45083274 1.29458086 ... 1.04227985 1.15834639 0.97669425]
 ...
 [1.08706309 1.18758265 0.8320405  ... 1.20930912 1.01718424 0.95877797]
 [0.92703745 1.21463542 1.07581556 ... 1.02372562 1.0418034  1.05021305]
 [0.91232295 0.90593841 0.89777889 ... 0.84643019 1.1917967  1.08185659]]","[[ 1.          0.09827226 -0.02879624 ...  0.1354971   0.11198043
   0.10807706]
 [ 0.09827226  1.          0.56598709 ...  0.1921776   0.39648841
   0.32334318]
 [-0.02879624  0.56598709  1.         ...  0.19192932  0.35739719
   0.18391825]
 ...
